object={
	name="tree_palm_generator_1_0"
	clamp_to_water_level=no
	render_under_water=no
	generated_content=yes
	layer="tree_high_layer"
	pdxmesh="tree_palm_01_a_mesh"
	count=931
	transform="325.522491 0.000000 2425.977783 0.000000 0.378977 0.000000 -0.925406 1.121429 1.121429 1.121429
330.322662 0.000000 2429.119873 0.000000 0.759247 0.000000 0.650802 0.599937 0.599937 0.599937
328.866760 0.000000 2426.068604 0.000000 0.180304 0.000000 -0.983611 1.032187 1.032187 1.032187
327.213928 0.000000 2428.718506 0.000000 0.554427 0.000000 0.832232 0.491081 0.491081 0.491081
323.806549 0.000000 2423.303955 0.000000 0.143858 0.000000 0.989598 0.191465 0.191465 0.191465
328.539612 0.000000 2430.520264 0.000000 0.999997 0.000000 -0.002516 0.700682 0.700682 0.700682
323.590088 0.000000 2425.341553 0.000000 0.902435 0.000000 0.430825 0.630257 0.630257 0.630257
328.893982 0.000000 2427.928955 0.000000 0.648972 0.000000 -0.760812 0.906691 0.906691 0.906691
327.186646 0.000000 2426.732178 0.000000 0.997884 0.000000 0.065016 0.681080 0.681080 0.681080
331.404419 0.000000 2430.442383 0.000000 0.115427 0.000000 -0.993316 1.045838 1.045838 1.045838
325.134003 0.000000 2424.339355 0.000000 0.524642 0.000000 -0.851323 1.063103 1.063103 1.063103
327.140991 0.000000 2431.266113 0.000000 0.607240 0.000000 0.794518 0.587032 0.587032 0.587032
326.779541 0.000000 2424.914551 0.000000 0.396329 0.000000 0.918108 0.395873 0.395873 0.395873
325.181061 0.000000 2422.360352 0.000000 0.809516 0.000000 0.587097 0.476303 0.476303 0.476303
322.167542 0.000000 2422.644043 0.000000 0.085516 0.000000 0.996337 0.170524 0.170524 0.170524
329.988586 0.000000 2430.855225 0.000000 0.981791 0.000000 0.189966 0.648162 0.648162 0.648162
322.650879 0.000000 2424.218750 0.000000 0.927253 0.000000 0.374437 0.639905 0.639905 0.639905
328.514862 0.000000 2429.193848 0.000000 0.805463 0.000000 0.592646 0.554557 0.554557 0.554557
327.360229 0.000000 2429.980469 0.000000 0.997091 0.000000 -0.076218 0.716212 0.716212 0.716212
329.897400 0.000000 2427.122559 0.000000 0.527044 0.000000 0.849838 0.457183 0.457183 0.457183
326.481079 0.000000 2427.777832 0.000000 0.407027 0.000000 -0.913416 1.034883 1.034883 1.034883
327.737244 0.000000 2425.666748 0.000000 0.512785 0.000000 -0.858517 0.969902 0.969902 0.969902
331.342529 0.000000 2432.193115 0.000000 0.999768 0.000000 0.021547 0.693583 0.693583 0.693583
328.044830 0.000000 2432.744141 0.000000 0.537356 0.000000 0.843356 0.357678 0.357678 0.357678
329.834473 0.000000 2433.410645 0.000000 0.673935 0.000000 -0.738791 0.983571 0.983571 0.983571
329.181305 0.000000 2431.547852 0.000000 0.149895 0.000000 0.988702 0.314770 0.314770 0.314770
327.109192 0.000000 2431.437012 0.000000 0.968344 0.000000 -0.249620 0.731039 0.731039 0.731039
331.696838 0.000000 2433.342529 0.000000 0.943296 0.000000 -0.331952 0.800763 0.800763 0.800763
330.172729 0.000000 2432.288818 0.000000 0.982644 0.000000 -0.185500 0.755561 0.755561 0.755561
3260.160645 0.000000 2364.158203 0.000000 0.360656 0.000000 0.932699 0.669756 0.669756 0.669756
3263.241455 0.000000 2361.956055 0.000000 0.935007 0.000000 0.354629 0.660975 0.660975 0.660975
3262.280762 0.000000 2363.916748 0.000000 0.893308 0.000000 0.449446 0.604851 0.604851 0.604851
3260.531982 0.000000 2367.211182 0.000000 0.509471 0.000000 0.860488 0.540642 0.540642 0.540642
3263.042969 0.000000 2365.052734 0.000000 0.107307 0.000000 -0.994226 1.168481 1.168481 1.168481
3263.152100 0.000000 2363.114014 0.000000 0.990271 0.000000 0.139151 0.671504 0.671504 0.671504
3291.968750 0.000000 2311.102295 0.000000 0.603627 0.000000 0.797267 0.520680 0.520680 0.520680
3322.871338 0.000000 2330.030518 0.000000 0.825254 0.000000 -0.564761 0.836764 0.836764 0.836764
3288.616943 0.000000 2325.769775 0.000000 0.114755 0.000000 -0.993394 1.054140 1.054140 1.054140
3313.360596 0.000000 2316.919189 0.000000 0.151464 0.000000 0.988463 0.577023 0.577023 0.577023
3294.535400 0.000000 2331.696777 0.000000 0.683706 0.000000 0.729758 0.475860 0.475860 0.475860
3303.529541 0.000000 2329.021240 0.000000 0.346904 0.000000 -0.937901 0.706803 0.706803 0.706803
3318.973389 0.000000 2323.963867 0.000000 0.841499 0.000000 0.540258 0.589087 0.589087 0.589087
3294.317627 0.000000 2339.246338 0.000000 0.091246 0.000000 -0.995828 0.708273 0.708273 0.708273
3303.448975 0.000000 2342.876709 0.000000 0.997387 0.000000 0.072250 0.698787 0.698787 0.698787
3317.121094 0.000000 2333.660400 0.000000 0.364701 0.000000 -0.931125 0.753573 0.753573 0.753573
3302.553711 0.000000 2355.825928 0.000000 0.615725 0.000000 -0.787961 0.707612 0.707612 0.707612
3308.817383 0.000000 2339.827148 0.000000 0.941541 0.000000 -0.336898 0.704324 0.704324 0.704324
3263.703857 0.000000 2364.509033 0.000000 0.371966 0.000000 0.928246 0.319118 0.319118 0.319118
3297.269287 0.000000 2344.306152 0.000000 0.984831 0.000000 -0.173514 0.746813 0.746813 0.746813
3301.028809 0.000000 2309.181641 0.000000 0.528231 0.000000 -0.849101 0.762393 0.762393 0.762393
3308.235352 0.000000 2316.095947 0.000000 0.964317 0.000000 -0.264749 0.795524 0.795524 0.795524
3317.714355 0.000000 2319.218506 0.000000 0.894453 0.000000 0.447162 0.688982 0.688982 0.688982
3289.791016 0.000000 2331.276855 0.000000 0.978680 0.000000 -0.205392 0.773749 0.773749 0.773749
3304.760498 0.000000 2333.592285 0.000000 0.206833 0.000000 0.978376 0.642856 0.642856 0.642856
3296.296875 0.000000 2309.482666 0.000000 0.802811 0.000000 -0.596233 0.767875 0.767875 0.767875
3264.901855 0.000000 2359.983398 0.000000 0.485847 0.000000 0.874044 0.479954 0.479954 0.479954
3303.836670 0.000000 2315.472412 0.000000 0.705342 0.000000 0.708868 0.652634 0.652634 0.652634
3313.502930 0.000000 2336.123535 0.000000 0.506429 0.000000 -0.862282 0.761053 0.761053 0.761053
3304.960693 0.000000 2346.961182 0.000000 0.967506 0.000000 0.252848 0.689636 0.689636 0.689636
3294.328125 0.000000 2347.631592 0.000000 0.077636 0.000000 -0.996982 0.848207 0.848207 0.848207
3288.886963 0.000000 2321.389893 0.000000 0.160805 0.000000 0.986986 0.268508 0.268508 0.268508
3313.301270 0.000000 2331.821045 0.000000 0.756169 0.000000 0.654376 0.533447 0.533447 0.533447
3293.697266 0.000000 2343.010010 0.000000 0.369436 0.000000 0.929256 0.274903 0.274903 0.274903
3319.219727 0.000000 2330.596191 0.000000 0.994710 0.000000 -0.102720 0.703165 0.703165 0.703165
3300.884033 0.000000 2345.716797 0.000000 0.759671 0.000000 0.650307 0.668326 0.668326 0.668326
3290.930420 0.000000 2315.330078 0.000000 0.922632 0.000000 -0.385681 0.841157 0.841157 0.841157
3302.831787 0.000000 2352.135498 0.000000 0.461194 0.000000 -0.887299 1.089112 1.089112 1.089112
3302.475830 0.000000 2312.297852 0.000000 0.458460 0.000000 -0.888715 0.906581 0.906581 0.906581
3305.958984 0.000000 2354.962158 0.000000 0.892816 0.000000 0.450422 0.645129 0.645129 0.645129
3316.518066 0.000000 2337.250488 0.000000 0.993655 0.000000 0.112473 0.690073 0.690073 0.690073
3297.610107 0.000000 2332.604492 0.000000 0.857589 0.000000 -0.514335 0.740785 0.740785 0.740785
3312.142090 0.000000 2328.593994 0.000000 0.179220 0.000000 -0.983809 0.987735 0.987735 0.987735
3298.799805 0.000000 2311.323730 0.000000 0.997013 0.000000 -0.077232 0.725508 0.725508 0.725508
3298.353271 0.000000 2347.466309 0.000000 0.260624 0.000000 -0.965440 1.166000 1.166000 1.166000
3308.896729 0.000000 2352.875977 0.000000 0.973281 0.000000 0.229616 0.617403 0.617403 0.617403
3286.589600 0.000000 2323.475098 0.000000 0.531382 0.000000 0.847132 0.575670 0.575670 0.575670
3288.121094 0.000000 2328.751465 0.000000 0.998709 0.000000 -0.050793 0.715629 0.715629 0.715629
3296.546631 0.000000 2341.355225 0.000000 0.908949 0.000000 0.416907 0.579154 0.579154 0.579154
3296.193359 0.000000 2327.318115 0.000000 0.034750 0.000000 0.999396 0.498136 0.498136 0.498136
3288.431396 0.000000 2337.108643 0.000000 0.126090 0.000000 -0.992019 0.788850 0.788850 0.788850
3289.405518 0.000000 2317.971191 0.000000 0.748038 0.000000 0.663656 0.637097 0.637097 0.637097
3291.895752 0.000000 2340.768799 0.000000 0.499434 0.000000 -0.866352 0.875796 0.875796 0.875796
3297.649414 0.000000 2338.456055 0.000000 0.935079 0.000000 0.354439 0.570832 0.570832 0.570832
3265.236084 0.000000 2357.157227 0.000000 0.949851 0.000000 -0.312704 0.724900 0.724900 0.724900
3319.127197 0.000000 2335.843018 0.000000 0.260939 0.000000 0.965355 0.561148 0.561148 0.561148
3303.910645 0.000000 2349.550537 0.000000 0.821151 0.000000 0.570711 0.626973 0.626973 0.626973
3306.508545 0.000000 2328.054443 0.000000 0.752008 0.000000 0.659154 0.671827 0.671827 0.671827
3291.332275 0.000000 2324.856689 0.000000 0.343263 0.000000 0.939239 0.264916 0.264916 0.264916
3291.948242 0.000000 2332.966309 0.000000 0.349773 0.000000 0.936834 0.608388 0.608388 0.608388
3289.112305 0.000000 2333.906494 0.000000 0.971801 0.000000 -0.235804 0.781537 0.781537 0.781537
3290.552490 0.000000 2327.684326 0.000000 0.944515 0.000000 0.328468 0.584427 0.584427 0.584427
3300.063477 0.000000 2343.183838 0.000000 0.479538 0.000000 -0.877521 0.825737 0.825737 0.825737
3265.551758 0.000000 2362.598145 0.000000 0.995196 0.000000 -0.097898 0.723168 0.723168 0.723168
3298.419434 0.000000 2317.434814 0.000000 0.847852 0.000000 -0.530233 0.731254 0.731254 0.731254
3315.802246 0.000000 2331.134766 0.000000 0.530193 0.000000 0.847877 0.598134 0.598134 0.598134
3291.911621 0.000000 2338.153564 0.000000 0.997944 0.000000 -0.064088 0.718022 0.718022 0.718022
3305.864502 0.000000 2317.157227 0.000000 0.097290 0.000000 -0.995256 1.225260 1.225260 1.225260
3299.141846 0.000000 2334.681152 0.000000 0.863043 0.000000 0.505131 0.590432 0.590432 0.590432
3294.324707 0.000000 2320.583008 0.000000 0.432116 0.000000 0.901818 0.597861 0.597861 0.597861
3314.063965 0.000000 2326.987305 0.000000 0.826502 0.000000 -0.562933 0.740125 0.740125 0.740125
3298.814209 0.000000 2326.453369 0.000000 0.099123 0.000000 -0.995075 0.897498 0.897498 0.897498
3303.170166 0.000000 2331.498291 0.000000 0.937517 0.000000 0.347939 0.651310 0.651310 0.651310
3288.052734 0.000000 2315.907471 0.000000 0.547665 0.000000 -0.836698 0.754046 0.754046 0.754046
3300.992920 0.000000 2329.976318 0.000000 0.818674 0.000000 -0.574259 0.726511 0.726511 0.726511
3296.397705 0.000000 2330.112061 0.000000 0.782785 0.000000 -0.622292 0.810806 0.810806 0.810806
3286.724365 0.000000 2320.226074 0.000000 0.731788 0.000000 -0.681532 0.740885 0.740885 0.740885
3297.159668 0.000000 2313.247803 0.000000 0.444637 0.000000 -0.895711 0.807081 0.807081 0.807081
3309.672119 0.000000 2344.324463 0.000000 0.134032 0.000000 0.990977 0.599594 0.599594 0.599594
3293.117432 0.000000 2345.360107 0.000000 0.369005 0.000000 -0.929427 0.755034 0.755034 0.755034
3302.530273 0.000000 2347.620850 0.000000 0.191976 0.000000 -0.981400 1.077497 1.077497 1.077497
3312.121094 0.000000 2334.013672 0.000000 0.569670 0.000000 -0.821874 0.817337 0.817337 0.817337
3305.246826 0.000000 2344.501709 0.000000 0.940816 0.000000 -0.338916 0.767193 0.767193 0.767193
3291.777832 0.000000 2321.016113 0.000000 0.537301 0.000000 0.843391 0.403957 0.403957 0.403957
3290.164795 0.000000 2313.048584 0.000000 0.887743 0.000000 -0.460340 0.870545 0.870545 0.870545
3294.600098 0.000000 2336.987061 0.000000 0.390280 0.000000 0.920696 0.565885 0.565885 0.565885
3315.504395 0.000000 2319.966309 0.000000 0.700847 0.000000 -0.713311 0.814367 0.814367 0.814367
3295.411621 0.000000 2345.659180 0.000000 0.982002 0.000000 -0.188870 0.749411 0.749411 0.749411
3309.190186 0.000000 2342.127197 0.000000 0.076823 0.000000 -0.997045 0.906768 0.906768 0.906768
3294.455566 0.000000 2328.994873 0.000000 0.931267 0.000000 0.364338 0.624401 0.624401 0.624401
3310.864258 0.000000 2353.900391 0.000000 0.874143 0.000000 0.485669 0.614211 0.614211 0.614211
3314.077393 0.000000 2329.619385 0.000000 0.973675 0.000000 0.227942 0.634735 0.634735 0.634735
3289.321533 0.000000 2323.676514 0.000000 0.819040 0.000000 0.573736 0.553914 0.553914 0.553914
3319.327881 0.000000 2333.564697 0.000000 0.054797 0.000000 0.998498 0.521968 0.521968 0.521968
3303.134277 0.000000 2336.739014 0.000000 0.807499 0.000000 0.589868 0.514773 0.514773 0.514773
3291.366943 0.000000 2342.899658 0.000000 0.200698 0.000000 0.979653 0.619630 0.619630 0.619630
3304.781982 0.000000 2353.021973 0.000000 0.154872 0.000000 -0.987935 1.204564 1.204564 1.204564
3299.146484 0.000000 2331.097168 0.000000 0.281345 0.000000 -0.959607 0.991172 0.991172 0.991172
3300.340088 0.000000 2312.788086 0.000000 0.580167 0.000000 -0.814498 0.991438 0.991438 0.991438
3294.058105 0.000000 2310.139160 0.000000 0.292367 0.000000 0.956306 0.245776 0.245776 0.245776
3296.358887 0.000000 2348.266846 0.000000 0.305969 0.000000 0.952041 0.550286 0.550286 0.550286
3295.831543 0.000000 2333.787842 0.000000 0.309343 0.000000 -0.950951 1.061815 1.061815 1.061815
3263.603271 0.000000 2361.826416 0.000000 0.999907 0.000000 0.013603 0.698536 0.698536 0.698536
3298.520752 0.000000 2336.608398 0.000000 0.878152 0.000000 -0.478382 0.755092 0.755092 0.755092
3299.007568 0.000000 2309.136719 0.000000 0.489732 0.000000 0.871873 0.618568 0.618568 0.618568
3300.350586 0.000000 2325.085938 0.000000 0.702187 0.000000 -0.711992 0.851759 0.851759 0.851759
3292.382812 0.000000 2316.691650 0.000000 0.257685 0.000000 -0.966229 0.928963 0.928963 0.928963
3298.359619 0.000000 2342.152100 0.000000 0.997469 0.000000 -0.071098 0.709948 0.709948 0.709948
3302.145020 0.000000 2353.948486 0.000000 0.285639 0.000000 0.958337 0.243271 0.243271 0.243271
3317.615234 0.000000 2331.732910 0.000000 0.623220 0.000000 -0.782047 0.794154 0.794154 0.794154
3291.081055 0.000000 2322.896729 0.000000 0.985139 0.000000 0.171759 0.653424 0.653424 0.653424
3295.579834 0.000000 2343.343994 0.000000 0.268753 0.000000 0.963209 0.522065 0.522065 0.522065
3317.716553 0.000000 2325.484375 0.000000 0.505515 0.000000 -0.862818 1.063783 1.063783 1.063783
3305.300781 0.000000 2342.498779 0.000000 0.147732 0.000000 -0.989027 0.865069 0.865069 0.865069
3314.711426 0.000000 2318.227783 0.000000 0.949691 0.000000 0.313188 0.654129 0.654129 0.654129
3301.819580 0.000000 2343.759277 0.000000 0.327938 0.000000 0.944699 0.554768 0.554768 0.554768
3301.297363 0.000000 2351.132812 0.000000 0.888214 0.000000 0.459430 0.529820 0.529820 0.529820
3304.061768 0.000000 2354.702148 0.000000 0.563556 0.000000 0.826078 0.585837 0.585837 0.585837
3296.168213 0.000000 2339.553955 0.000000 0.351061 0.000000 0.936352 0.267881 0.267881 0.267881
3289.765625 0.000000 2329.482422 0.000000 0.223253 0.000000 -0.974761 1.113887 1.113887 1.113887
3321.146729 0.000000 2330.722656 0.000000 0.129047 0.000000 -0.991638 0.839046 0.839046 0.839046
3301.166016 0.000000 2311.083496 0.000000 0.815829 0.000000 0.578293 0.532753 0.532753 0.532753
3322.884521 0.000000 2328.047607 0.000000 0.789659 0.000000 -0.613547 0.773879 0.773879 0.773879
3297.270996 0.000000 2346.065430 0.000000 0.229073 0.000000 -0.973409 1.177602 1.177602 1.177602
3307.959473 0.000000 2351.395508 0.000000 0.248094 0.000000 -0.968736 1.015592 1.015592 1.015592
3290.300049 0.000000 2341.506348 0.000000 0.986417 0.000000 0.164261 0.672317 0.672317 0.672317
3288.155273 0.000000 2330.566406 0.000000 0.397988 0.000000 -0.917391 1.114074 1.114074 1.114074
3286.374023 0.000000 2328.395264 0.000000 0.372249 0.000000 -0.928133 1.082447 1.082447 1.082447
3299.627930 0.000000 2338.049805 0.000000 0.920925 0.000000 0.389740 0.557272 0.557272 0.557272
3312.250977 0.000000 2330.306641 0.000000 0.978738 0.000000 0.205112 0.651769 0.651769 0.651769
3312.175293 0.000000 2321.079834 0.000000 0.711304 0.000000 0.702884 0.565965 0.565965 0.565965
3287.027100 0.000000 2325.133789 0.000000 0.607340 0.000000 0.794442 0.579346 0.579346 0.579346
3297.880615 0.000000 2340.327393 0.000000 0.981568 0.000000 -0.191112 0.754037 0.754037 0.754037
3306.495850 0.000000 2332.526367 0.000000 0.595485 0.000000 0.803366 0.585222 0.585222 0.585222
3293.001465 0.000000 2325.114502 0.000000 0.644121 0.000000 -0.764924 0.885077 0.885077 0.885077
3304.429443 0.000000 2351.373535 0.000000 0.530740 0.000000 -0.847535 0.815940 0.815940 0.815940
3288.237305 0.000000 2335.429932 0.000000 0.771932 0.000000 -0.635705 0.793426 0.793426 0.793426
3310.052979 0.000000 2316.532715 0.000000 0.622875 0.000000 -0.782321 0.936128 0.936128 0.936128
3287.559082 0.000000 2327.158691 0.000000 0.045723 0.000000 0.998954 0.469730 0.469730 0.469730
3310.688965 0.000000 2329.486572 0.000000 0.910554 0.000000 -0.413391 0.758390 0.758390 0.758390
3296.147461 0.000000 2325.660400 0.000000 0.998169 0.000000 0.060483 0.690947 0.690947 0.690947
3298.470947 0.000000 2349.108398 0.000000 0.826506 0.000000 0.562927 0.486836 0.486836 0.486836
3299.221436 0.000000 2333.030762 0.000000 0.719523 0.000000 0.694468 0.474614 0.474614 0.474614
3291.035400 0.000000 2317.776367 0.000000 0.809605 0.000000 -0.586975 0.893824 0.893824 0.893824
3311.612061 0.000000 2319.411377 0.000000 0.854900 0.000000 0.518792 0.551301 0.551301 0.551301
3295.934326 0.000000 2321.021729 0.000000 0.914676 0.000000 0.404188 0.662188 0.662188 0.662188
3300.797363 0.000000 2334.921875 0.000000 0.140191 0.000000 0.990125 0.190144 0.190144 0.190144
3308.923340 0.000000 2317.687988 0.000000 0.585325 0.000000 0.810799 0.362917 0.362917 0.362917
3314.991943 0.000000 2336.702637 0.000000 0.848490 0.000000 -0.529212 0.809932 0.809932 0.809932
3293.007080 0.000000 2315.229248 0.000000 0.198248 0.000000 -0.980152 0.838029 0.838029 0.838029
3297.306641 0.000000 2308.157227 0.000000 0.419664 0.000000 -0.907680 0.820886 0.820886 0.820886
3286.681885 0.000000 2329.956299 0.000000 0.255977 0.000000 0.966683 0.278139 0.278139 0.278139
3315.835449 0.000000 2338.732910 0.000000 0.712284 0.000000 0.701892 0.614066 0.614066 0.614066
3290.182861 0.000000 2326.010010 0.000000 0.305994 0.000000 -0.952034 1.135042 1.135042 1.135042
3299.131104 0.000000 2321.342285 0.000000 0.679229 0.000000 0.733926 0.604374 0.604374 0.604374
3287.948486 0.000000 2322.718750 0.000000 0.043371 0.000000 0.999059 0.512083 0.512083 0.512083
3302.369629 0.000000 2349.874756 0.000000 0.828956 0.000000 -0.559313 0.771366 0.771366 0.771366
3302.497070 0.000000 2332.921631 0.000000 0.627321 0.000000 0.778761 0.381751 0.381751 0.381751
3312.341064 0.000000 2326.874756 0.000000 0.770011 0.000000 -0.638031 0.809313 0.809313 0.809313
3311.660400 0.000000 2316.796143 0.000000 0.475442 0.000000 0.879747 0.417364 0.417364 0.417364
3315.242676 0.000000 2323.697021 0.000000 0.987026 0.000000 0.160562 0.670240 0.670240 0.670240
3317.024658 0.000000 2330.213867 0.000000 0.768938 0.000000 -0.639324 0.772729 0.772729 0.772729
3291.678711 0.000000 2326.356689 0.000000 0.212976 0.000000 0.977057 0.231682 0.231682 0.231682
3298.671143 0.000000 2313.082764 0.000000 0.788865 0.000000 -0.614567 0.893386 0.893386 0.893386
3288.615479 0.000000 2332.352539 0.000000 0.130138 0.000000 0.991496 0.206663 0.206663 0.206663
3290.834473 0.000000 2339.675049 0.000000 0.371385 0.000000 -0.928479 1.034487 1.034487 1.034487
3265.808350 0.000000 2358.659668 0.000000 0.957263 0.000000 -0.289218 0.760711 0.760711 0.760711
3307.350586 0.000000 2317.514160 0.000000 0.990972 0.000000 0.134070 0.652059 0.652059 0.652059
3298.192139 0.000000 2322.880859 0.000000 0.679311 0.000000 0.733850 0.494949 0.494949 0.494949
3302.472900 0.000000 2330.177002 0.000000 0.836735 0.000000 -0.547608 0.779398 0.779398 0.779398
3291.266602 0.000000 2331.559570 0.000000 0.138401 0.000000 0.990376 0.425731 0.425731 0.425731
3297.523682 0.000000 2331.113037 0.000000 0.993275 0.000000 -0.115779 0.719143 0.719143 0.719143
3290.783447 0.000000 2337.145752 0.000000 0.158721 0.000000 0.987324 0.366523 0.366523 0.366523
3290.468506 0.000000 2311.568115 0.000000 0.995033 0.000000 -0.099546 0.719377 0.719377 0.719377
3293.174805 0.000000 2341.568115 0.000000 0.952488 0.000000 0.304576 0.589664 0.589664 0.589664
3290.345215 0.000000 2321.573486 0.000000 0.301572 0.000000 0.953444 0.326995 0.326995 0.326995
3289.154785 0.000000 2327.137207 0.000000 0.475381 0.000000 -0.879780 1.083387 1.083387 1.083387
3290.854004 0.000000 2334.192139 0.000000 0.996692 0.000000 0.081275 0.684188 0.684188 0.684188
3294.458740 0.000000 2344.393555 0.000000 0.892258 0.000000 0.451526 0.578178 0.578178 0.578178
3298.657715 0.000000 2343.704834 0.000000 0.577063 0.000000 0.816700 0.566391 0.566391 0.566391
3295.224365 0.000000 2308.536133 0.000000 0.513963 0.000000 -0.857812 0.822519 0.822519 0.822519
3299.928223 0.000000 2310.324951 0.000000 0.030121 0.000000 -0.999546 1.208335 1.208335 1.208335
3313.893311 0.000000 2339.677246 0.000000 0.775737 0.000000 -0.631056 0.798340 0.798340 0.798340
3322.451904 0.000000 2331.414551 0.000000 0.141489 0.000000 -0.989940 1.025609 1.025609 1.025609
3297.351074 0.000000 2326.472168 0.000000 0.200641 0.000000 -0.979665 0.879883 0.879883 0.879883
3295.326904 0.000000 2335.202148 0.000000 0.278810 0.000000 0.960346 0.343392 0.343392 0.343392
3312.137939 0.000000 2335.656006 0.000000 0.757736 0.000000 0.652561 0.613525 0.613525 0.613525
3298.285156 0.000000 2315.788818 0.000000 0.646492 0.000000 0.762921 0.428228 0.428228 0.428228
3314.318359 0.000000 2320.718994 0.000000 0.403728 0.000000 0.914879 0.288160 0.288160 0.288160
3313.530273 0.000000 2328.316895 0.000000 0.998301 0.000000 0.058275 0.687935 0.687935 0.687935
3291.519775 0.000000 2312.502441 0.000000 0.899974 0.000000 0.435944 0.539184 0.539184 0.539184
3298.139893 0.000000 2327.706543 0.000000 0.325413 0.000000 -0.945572 0.866338 0.866338 0.866338
3302.873779 0.000000 2313.939941 0.000000 0.821764 0.000000 0.569828 0.585568 0.585568 0.585568
3303.610596 0.000000 2346.573242 0.000000 0.482478 0.000000 0.875908 0.407533 0.407533 0.407533
3299.471436 0.000000 2346.463379 0.000000 0.002016 0.000000 -0.999998 1.259281 1.259281 1.259281
3295.429932 0.000000 2310.624756 0.000000 0.873432 0.000000 -0.486946 0.881316 0.881316 0.881316
3264.250488 0.000000 2363.145752 0.000000 0.879892 0.000000 -0.475173 0.816993 0.816993 0.816993
3304.403076 0.000000 2316.791016 0.000000 0.889404 0.000000 0.457123 0.530746 0.530746 0.530746
3318.385498 0.000000 2322.666260 0.000000 0.467387 0.000000 -0.884053 0.910745 0.910745 0.910745
3296.111084 0.000000 2346.893066 0.000000 0.112282 0.000000 0.993676 0.180114 0.180114 0.180114
3310.289062 0.000000 2343.028076 0.000000 0.707940 0.000000 0.706273 0.420420 0.420420 0.420420
3305.851074 0.000000 2345.873047 0.000000 0.998686 0.000000 -0.051251 0.709964 0.709964 0.709964
3298.920898 0.000000 2339.328369 0.000000 0.493875 0.000000 -0.869533 1.075850 1.075850 1.075850
3295.960938 0.000000 2324.108887 0.000000 0.512424 0.000000 -0.858732 0.905035 0.905035 0.905035
3291.246338 0.000000 2313.935303 0.000000 0.997564 0.000000 0.069764 0.675108 0.675108 0.675108
3300.977539 0.000000 2340.316162 0.000000 0.964954 0.000000 -0.262421 0.743063 0.743063 0.743063
3310.706055 0.000000 2352.545898 0.000000 0.891400 0.000000 0.453218 0.620429 0.620429 0.620429
3299.744141 0.000000 2335.913330 0.000000 0.915695 0.000000 -0.401873 0.785572 0.785572 0.785572
3287.881348 0.000000 2324.089355 0.000000 0.886490 0.000000 0.462747 0.636776 0.636776 0.636776
3265.397461 0.000000 2361.258789 0.000000 0.973212 0.000000 -0.229911 0.766164 0.766164 0.766164
3300.158447 0.000000 2341.838379 0.000000 0.968427 0.000000 0.249298 0.659139 0.659139 0.659139
3291.013916 0.000000 2328.974609 0.000000 0.981876 0.000000 0.189522 0.662146 0.662146 0.662146
3302.230713 0.000000 2346.286377 0.000000 0.384579 0.000000 0.923092 0.377739 0.377739 0.377739
3301.573486 0.000000 2331.207764 0.000000 0.767802 0.000000 -0.640687 0.883747 0.883747 0.883747
3295.095215 0.000000 2330.467041 0.000000 0.868437 0.000000 0.495800 0.557850 0.557850 0.557850
3295.718018 0.000000 2328.604980 0.000000 0.987498 0.000000 0.157635 0.667911 0.667911 0.667911
3315.511719 0.000000 2329.839844 0.000000 0.747197 0.000000 0.664603 0.493683 0.493683 0.493683
3303.450928 0.000000 2353.396240 0.000000 0.725297 0.000000 -0.688437 0.970707 0.970707 0.970707
3302.015625 0.000000 2335.783936 0.000000 0.897988 0.000000 0.440021 0.602541 0.602541 0.602541
3303.964355 0.000000 2344.137695 0.000000 0.956778 0.000000 0.290818 0.656270 0.656270 0.656270
3315.631104 0.000000 2321.275391 0.000000 0.013616 0.000000 0.999907 0.144854 0.144854 0.144854
3304.513184 0.000000 2345.578613 0.000000 0.841308 0.000000 0.540555 0.589018 0.589018 0.589018
3299.682861 0.000000 2348.592041 0.000000 0.134164 0.000000 0.990959 0.187975 0.187975 0.187975
3296.944824 0.000000 2320.176270 0.000000 0.843613 0.000000 0.536952 0.568453 0.568453 0.568453
3303.796875 0.000000 2332.698486 0.000000 0.190534 0.000000 0.981681 0.208345 0.208345 0.208345
3301.958496 0.000000 2337.359863 0.000000 0.718830 0.000000 -0.695186 0.974039 0.974039 0.974039
3297.639160 0.000000 2329.817139 0.000000 0.817049 0.000000 -0.576569 0.808252 0.808252 0.808252
3290.994629 0.000000 2330.248047 0.000000 0.702680 0.000000 0.711506 0.548373 0.548373 0.548373
3301.603027 0.000000 2313.303711 0.000000 0.981753 0.000000 0.190160 0.641421 0.641421 0.641421
3299.713867 0.000000 2329.809082 0.000000 0.051156 0.000000 -0.998691 1.071792 1.071792 1.071792
3317.450684 0.000000 2327.777588 0.000000 0.372529 0.000000 -0.928020 1.123909 1.123909 1.123909
3303.193359 0.000000 2350.871582 0.000000 0.813688 0.000000 0.581303 0.478848 0.478848 0.478848
3301.325684 0.000000 2333.750244 0.000000 0.208415 0.000000 0.978041 0.214850 0.214850 0.214850
3310.972656 0.000000 2333.434570 0.000000 0.970932 0.000000 -0.239357 0.734806 0.734806 0.734806
3290.091309 0.000000 2324.754150 0.000000 0.899977 0.000000 0.435937 0.539187 0.539187 0.539187
3298.068359 0.000000 2335.422363 0.000000 0.018307 0.000000 0.999832 0.378769 0.378769 0.378769
3303.735840 0.000000 2347.991699 0.000000 0.890429 0.000000 -0.455123 0.829478 0.829478 0.829478
3314.792480 0.000000 2328.551270 0.000000 0.820952 0.000000 0.570997 0.527524 0.527524 0.527524
3303.597656 0.000000 2334.028320 0.000000 0.923164 0.000000 0.384406 0.615601 0.615601 0.615601
3291.483643 0.000000 2319.815430 0.000000 0.160317 0.000000 -0.987066 0.975936 0.975936 0.975936
3318.900879 0.000000 2325.843506 0.000000 0.326526 0.000000 -0.945188 1.115451 1.115451 1.115451
3294.910889 0.000000 2332.949463 0.000000 0.737466 0.000000 -0.675384 0.913549 0.913549 0.913549
3301.911377 0.000000 2348.742188 0.000000 0.554676 0.000000 0.832066 0.349617 0.349617 0.349617
3293.132080 0.000000 2317.759766 0.000000 0.474385 0.000000 0.880317 0.511867 0.511867 0.511867
3303.725342 0.000000 2312.269287 0.000000 0.901766 0.000000 -0.432225 0.784359 0.784359 0.784359
3294.174561 0.000000 2327.805908 0.000000 0.223254 0.000000 0.974760 0.429093 0.429093 0.429093
3300.023682 0.000000 2311.561035 0.000000 0.857502 0.000000 -0.514481 0.846571 0.846571 0.846571
3291.169922 0.000000 2316.528320 0.000000 0.799936 0.000000 0.600086 0.501142 0.501142 0.501142
3300.080322 0.000000 2333.897949 0.000000 0.206170 0.000000 -0.978516 1.185968 1.185968 1.185968
3300.290527 0.000000 2331.433350 0.000000 0.893439 0.000000 0.449185 0.576905 0.576905 0.576905
3305.874512 0.000000 2352.427979 0.000000 0.146582 0.000000 -0.989199 1.207554 1.207554 1.207554
3293.797363 0.000000 2340.327881 0.000000 0.625969 0.000000 -0.779848 1.018868 1.018868 1.018868
3311.479248 0.000000 2338.206299 0.000000 0.714080 0.000000 -0.700064 0.870217 0.870217 0.870217
3300.819092 0.000000 2337.731445 0.000000 0.266012 0.000000 -0.963970 1.164009 1.164009 1.164009
3293.843506 0.000000 2316.061523 0.000000 0.896930 0.000000 0.442173 0.619957 0.619957 0.619957
3296.102295 0.000000 2344.631348 0.000000 0.999908 0.000000 0.013545 0.696364 0.696364 0.696364
3289.227783 0.000000 2328.341064 0.000000 0.727595 0.000000 -0.686007 0.932522 0.932522 0.932522
3292.522949 0.000000 2342.686523 0.000000 0.849097 0.000000 -0.528237 0.898404 0.898404 0.898404
3305.795898 0.000000 2353.731689 0.000000 0.971361 0.000000 -0.237608 0.785527 0.785527 0.785527
3292.864990 0.000000 2310.238770 0.000000 0.813645 0.000000 0.581361 0.521323 0.521323 0.521323
3289.661865 0.000000 2322.526855 0.000000 0.562420 0.000000 -0.826852 0.932731 0.932731 0.932731
3297.207764 0.000000 2347.297363 0.000000 0.999190 0.000000 -0.040250 0.714353 0.714353 0.714353
3308.034180 0.000000 2353.673096 0.000000 0.980143 0.000000 0.198294 0.628835 0.628835 0.628835
3293.770020 0.000000 2326.054932 0.000000 0.550409 0.000000 -0.834895 0.891988 0.891988 0.891988
3301.333252 0.000000 2325.915527 0.000000 0.400819 0.000000 -0.916157 0.921872 0.921872 0.921872
3314.023438 0.000000 2323.142822 0.000000 0.807339 0.000000 -0.590087 0.816479 0.816479 0.816479
3288.072998 0.000000 2320.592285 0.000000 0.969322 0.000000 0.245793 0.623965 0.623965 0.623965
3258.020264 0.000000 2380.947266 0.000000 0.986424 0.000000 -0.164221 0.746589 0.746589 0.746589
3254.981201 0.000000 2387.948242 0.000000 0.011120 0.000000 -0.999938 0.998733 0.998733 0.998733
3259.273926 0.000000 2373.799316 0.000000 0.718249 0.000000 -0.695786 0.863526 0.863526 0.863526
3253.128906 0.000000 2397.644775 0.000000 0.992847 0.000000 0.119396 0.692303 0.692303 0.692303
3261.256836 0.000000 2368.228516 0.000000 0.977581 0.000000 0.210561 0.628223 0.628223 0.628223
3252.061035 0.000000 2392.524414 0.000000 0.672978 0.000000 -0.739662 0.843170 0.843170 0.843170
3262.968262 0.000000 2423.491699 0.000000 0.918782 0.000000 -0.394766 0.766948 0.766948 0.766948
3261.623779 0.000000 2377.689697 0.000000 0.984579 0.000000 -0.174940 0.722618 0.722618 0.722618
3254.305664 0.000000 2378.685791 0.000000 0.660457 0.000000 -0.750864 0.734437 0.734437 0.734437
3249.309082 0.000000 2395.805420 0.000000 0.651212 0.000000 0.758896 0.566290 0.566290 0.566290
3257.712402 0.000000 2385.213379 0.000000 0.550660 0.000000 0.834729 0.481835 0.481835 0.481835
3257.967285 0.000000 2390.362549 0.000000 0.992515 0.000000 0.122119 0.683398 0.683398 0.683398
3254.840088 0.000000 2391.203125 0.000000 0.812757 0.000000 -0.582603 0.831294 0.831294 0.831294
3261.488770 0.000000 2371.578857 0.000000 0.909868 0.000000 0.414899 0.583961 0.583961 0.583961
3258.589844 0.000000 2377.975098 0.000000 0.908625 0.000000 -0.417614 0.830099 0.830099 0.830099
3258.756836 0.000000 2418.148193 0.000000 0.998280 0.000000 -0.058631 0.705905 0.705905 0.705905
3260.832520 0.000000 2425.210938 0.000000 0.569954 0.000000 0.821677 0.558437 0.558437 0.558437
3251.810059 0.000000 2395.119141 0.000000 0.928566 0.000000 0.371167 0.619191 0.619191 0.619191
3255.434082 0.000000 2381.113770 0.000000 0.990388 0.000000 0.138320 0.682152 0.682152 0.682152
3250.706299 0.000000 2397.961426 0.000000 0.831111 0.000000 -0.556107 0.868184 0.868184 0.868184
3263.241455 0.000000 2425.940430 0.000000 0.254520 0.000000 0.967067 0.470465 0.470465 0.470465
3260.223389 0.000000 2379.865967 0.000000 0.318288 0.000000 -0.947994 0.752296 0.752296 0.752296
3248.128906 0.000000 2397.998047 0.000000 0.283712 0.000000 -0.958909 1.056987 1.056987 1.056987
3258.999023 0.000000 2383.160400 0.000000 0.633771 0.000000 -0.773520 0.870626 0.870626 0.870626
3258.032471 0.000000 2371.718994 0.000000 0.911434 0.000000 0.411446 0.644273 0.644273 0.644273
3256.318359 0.000000 2383.326660 0.000000 0.322434 0.000000 -0.946592 0.908451 0.908451 0.908451
3259.980713 0.000000 2376.011963 0.000000 0.916496 0.000000 -0.400044 0.824285 0.824285 0.824285
3262.716553 0.000000 2421.252686 0.000000 0.894375 0.000000 0.447318 0.648778 0.648778 0.648778
3256.513428 0.000000 2379.062256 0.000000 0.765370 0.000000 -0.643591 0.928735 0.928735 0.928735
3250.085205 0.000000 2393.603760 0.000000 0.741386 0.000000 -0.671079 0.851191 0.851191 0.851191
3255.588379 0.000000 2385.837891 0.000000 0.841740 0.000000 0.539884 0.624255 0.624255 0.624255
3259.945312 0.000000 2370.180664 0.000000 0.932464 0.000000 0.361262 0.651425 0.651425 0.651425
3262.895508 0.000000 2369.972168 0.000000 0.961299 0.000000 0.275507 0.638344 0.638344 0.638344
3261.004395 0.000000 2422.950684 0.000000 0.772448 0.000000 0.635077 0.575899 0.575899 0.575899
3256.111084 0.000000 2389.610596 0.000000 0.184337 0.000000 -0.982863 1.068007 1.068007 1.068007
3253.968262 0.000000 2392.956299 0.000000 0.892668 0.000000 -0.450715 0.780404 0.780404 0.780404
3258.054688 0.000000 2375.420410 0.000000 0.989227 0.000000 0.146392 0.676789 0.676789 0.676789
3253.623047 0.000000 2395.717285 0.000000 0.111837 0.000000 -0.993727 1.020185 1.020185 1.020185
3253.724365 0.000000 2389.468750 0.000000 0.835220 0.000000 0.549916 0.662554 0.662554 0.662554
3260.956055 0.000000 2374.445557 0.000000 0.161456 0.000000 0.986880 0.422320 0.422320 0.422320
3256.761230 0.000000 2387.343994 0.000000 0.798657 0.000000 -0.601787 0.888682 0.888682 0.888682
3261.926270 0.000000 2375.939209 0.000000 0.308138 0.000000 0.951342 0.452100 0.452100 0.452100
3252.584717 0.000000 2390.759277 0.000000 0.944981 0.000000 -0.327127 0.793650 0.793650 0.793650
3248.258789 0.000000 2394.291016 0.000000 0.999876 0.000000 -0.015773 0.702448 0.702448 0.702448
3259.785889 0.000000 2372.133301 0.000000 0.620917 0.000000 0.783877 0.508556 0.508556 0.508556
3260.171387 0.000000 2419.200928 0.000000 0.857700 0.000000 -0.514151 0.795883 0.795883 0.795883
3257.274414 0.000000 2376.922363 0.000000 0.894673 0.000000 -0.446722 0.764097 0.764097 0.764097
3254.951416 0.000000 2384.291992 0.000000 0.424583 0.000000 0.905389 0.549613 0.549613 0.549613
3247.765381 0.000000 2396.423340 0.000000 0.991237 0.000000 -0.132095 0.714262 0.714262 0.714262
3251.623779 0.000000 2396.670166 0.000000 0.469761 0.000000 0.882794 0.391471 0.391471 0.391471
3256.519775 0.000000 2391.139160 0.000000 0.206078 0.000000 -0.978536 0.884871 0.884871 0.884871
3259.893799 0.000000 2384.446777 0.000000 0.314357 0.000000 0.949305 0.560080 0.560080 0.560080
3246.877686 0.000000 2398.976318 0.000000 0.287757 0.000000 -0.957703 0.910985 0.910985 0.910985
3261.695312 0.000000 2373.098389 0.000000 0.274510 0.000000 -0.961584 1.083148 1.083148 1.083148
3253.032471 0.000000 2394.198242 0.000000 0.236508 0.000000 0.971630 0.407625 0.407625 0.407625
3260.087891 0.000000 2377.711426 0.000000 0.983125 0.000000 0.182933 0.676337 0.676337 0.676337
3257.585938 0.000000 2382.450684 0.000000 0.820403 0.000000 -0.571785 0.802117 0.802117 0.802117
3258.637695 0.000000 2379.553955 0.000000 0.074951 0.000000 0.997187 0.273396 0.273396 0.273396
3257.452393 0.000000 2388.881836 0.000000 0.953639 0.000000 0.300952 0.618798 0.618798 0.618798
3262.255371 0.000000 2424.845703 0.000000 0.054333 0.000000 0.998523 0.434990 0.434990 0.434990
3261.372070 0.000000 2369.831055 0.000000 0.083249 0.000000 0.996529 0.196747 0.196747 0.196747
3249.420654 0.000000 2397.326660 0.000000 0.496472 0.000000 -0.868053 0.992478 0.992478 0.992478
3255.391113 0.000000 2393.143311 0.000000 0.495498 0.000000 -0.868609 0.925110 0.925110 0.925110
3259.209229 0.000000 2381.703857 0.000000 0.589304 0.000000 -0.807911 0.965634 0.965634 0.965634
3248.145752 0.000000 2399.640381 0.000000 0.989345 0.000000 -0.145587 0.721244 0.721244 0.721244
3255.081299 0.000000 2382.503174 0.000000 0.503304 0.000000 -0.864109 0.883798 0.883798 0.883798
3261.616943 0.000000 2419.983643 0.000000 0.993272 0.000000 -0.115807 0.720608 0.720608 0.720608
3254.393311 0.000000 2386.650635 0.000000 0.498954 0.000000 0.866629 0.499193 0.499193 0.499193
3250.389893 0.000000 2394.958984 0.000000 0.994416 0.000000 0.105527 0.677533 0.677533 0.677533
3249.376953 0.000000 2398.727295 0.000000 0.978123 0.000000 -0.208027 0.730469 0.730469 0.730469
3256.686768 0.000000 2380.462158 0.000000 0.950874 0.000000 0.309577 0.638395 0.638395 0.638395
3251.519531 0.000000 2393.824219 0.000000 0.682977 0.000000 0.730440 0.531689 0.531689 0.531689
3258.678711 0.000000 2376.657715 0.000000 0.912650 0.000000 0.408742 0.572842 0.572842 0.572842
3258.236328 0.000000 2372.996826 0.000000 0.378835 0.000000 -0.925464 0.951237 0.951237 0.951237
3256.218262 0.000000 2384.666504 0.000000 0.279971 0.000000 0.960008 0.415702 0.415702 0.415702
3262.199463 0.000000 2422.469971 0.000000 0.474040 0.000000 -0.880503 0.877662 0.877662 0.877662
3253.458496 0.000000 2391.761963 0.000000 0.999760 0.000000 0.021889 0.693849 0.693849 0.693849
3257.973145 0.000000 2383.972412 0.000000 0.344026 0.000000 -0.938960 0.904609 0.904609 0.904609
3260.349365 0.000000 2424.020996 0.000000 0.984686 0.000000 -0.174334 0.725723 0.725723 0.725723
3250.800293 0.000000 2392.535645 0.000000 0.289384 0.000000 -0.957213 0.962488 0.962488 0.962488
3256.829102 0.000000 2386.095947 0.000000 0.814263 0.000000 -0.580496 0.880968 0.880968 0.880968
3260.411621 0.000000 2373.283691 0.000000 0.927027 0.000000 0.374995 0.586070 0.586070 0.586070
3250.424805 0.000000 2396.308594 0.000000 0.586075 0.000000 -0.810257 0.969402 0.969402 0.969402
3263.236816 0.000000 2368.756348 0.000000 0.141481 0.000000 0.989941 0.384377 0.384377 0.384377
3254.908691 0.000000 2389.827881 0.000000 0.851334 0.000000 0.524623 0.516237 0.516237 0.516237
3256.462158 0.000000 2381.939941 0.000000 0.174399 0.000000 0.984675 0.426859 0.426859 0.426859
3259.202881 0.000000 2375.083008 0.000000 0.834052 0.000000 0.551686 0.607678 0.607678 0.607678
3259.631836 0.000000 2378.812744 0.000000 0.741826 0.000000 -0.670592 0.909628 0.909628 0.909628
3255.739502 0.000000 2392.022461 0.000000 0.295680 0.000000 -0.955287 0.971793 0.971793 0.971793
3256.145020 0.000000 2388.347900 0.000000 0.757806 0.000000 0.652480 0.511174 0.511174 0.511174
3257.425049 0.000000 2378.114258 0.000000 0.413837 0.000000 0.910351 0.325700 0.325700 0.325700
3261.553223 0.000000 2421.441162 0.000000 0.800252 0.000000 0.599664 0.488718 0.488718 0.488718
3263.042969 0.000000 2429.037109 0.000000 0.717698 0.000000 -0.696355 0.862618 0.862618 0.862618
3263.152100 0.000000 2427.098389 0.000000 0.867265 0.000000 -0.497847 0.815111 0.815111 0.815111
3257.774414 0.000000 2386.804199 0.000000 0.157390 0.000000 -0.987537 1.112800 1.112800 1.112800
3259.112061 0.000000 2380.570801 0.000000 0.871050 0.000000 -0.491195 0.845006 0.845006 0.845006
3261.843994 0.000000 2423.760742 0.000000 0.996633 0.000000 -0.081997 0.714805 0.714805 0.714805
3269.163330 0.000000 2425.977783 0.000000 0.099502 0.000000 -0.995037 0.932411 0.932411 0.932411
3263.974365 0.000000 2370.715088 0.000000 0.159807 0.000000 0.987148 0.607330 0.607330 0.607330
3313.963623 0.000000 2427.814453 0.000000 0.465531 0.000000 -0.885032 0.917229 0.917229 0.917229
3288.616943 0.000000 2389.754150 0.000000 0.147242 0.000000 0.989100 0.692042 0.692042 0.692042
3305.143311 0.000000 2383.833984 0.000000 0.299511 0.000000 -0.954093 0.786770 0.786770 0.786770
3264.102783 0.000000 2418.538574 0.000000 0.629652 0.000000 -0.776877 0.813190 0.813190 0.813190
3294.535400 0.000000 2395.681152 0.000000 0.510247 0.000000 0.860028 0.629075 0.629075 0.629075
3299.124512 0.000000 2378.566650 0.000000 0.203339 0.000000 -0.979108 1.186999 1.186999 1.186999
3292.374268 0.000000 2382.732666 0.000000 0.999388 0.000000 0.034976 0.698973 0.698973 0.698973
3294.300537 0.000000 2416.089111 0.000000 0.264789 0.000000 0.964306 0.594358 0.594358 0.594358
3289.306152 0.000000 2423.213623 0.000000 0.078968 0.000000 -0.996877 0.852246 0.852246 0.852246
3301.028809 0.000000 2373.166016 0.000000 0.478486 0.000000 0.878095 0.317872 0.317872 0.317872
3321.905273 0.000000 2399.410889 0.000000 0.719197 0.000000 -0.694807 0.744031 0.744031 0.744031
3293.171631 0.000000 2391.055176 0.000000 0.613723 0.000000 0.789522 0.477351 0.477351 0.477351
3298.034912 0.000000 2419.416748 0.000000 0.849223 0.000000 -0.528034 0.841546 0.841546 0.841546
3264.901855 0.000000 2423.967773 0.000000 0.981011 0.000000 -0.193952 0.750211 0.750211 0.750211
3288.886963 0.000000 2385.374268 0.000000 0.997289 0.000000 -0.073591 0.706076 0.706076 0.706076
3292.270020 0.000000 2419.831543 0.000000 0.165233 0.000000 0.986255 0.372011 0.372011 0.372011
3288.797852 0.000000 2427.506592 0.000000 0.748538 0.000000 -0.663092 0.921960 0.921960 0.921960
3325.617432 0.000000 2397.323242 0.000000 0.932592 0.000000 0.360932 0.599846 0.599846 0.599846
3308.142822 0.000000 2430.187256 0.000000 0.944260 0.000000 0.329202 0.609015 0.609015 0.609015
3292.312012 0.000000 2426.118652 0.000000 0.006688 0.000000 0.999978 0.529435 0.529435 0.529435
3290.930420 0.000000 2379.314453 0.000000 0.173085 0.000000 0.984907 0.559393 0.559393 0.559393
3297.346680 0.000000 2414.375000 0.000000 0.277002 0.000000 -0.960869 0.725251 0.725251 0.725251
3314.454834 0.000000 2431.396973 0.000000 0.998670 0.000000 -0.051568 0.718392 0.718392 0.718392
3302.475830 0.000000 2376.282227 0.000000 0.771885 0.000000 0.635762 0.454368 0.454368 0.454368
3267.086914 0.000000 2428.723389 0.000000 0.908111 0.000000 0.418730 0.681275 0.681275 0.681275
3304.270264 0.000000 2372.711182 0.000000 0.165274 0.000000 -0.986248 0.825693 0.825693 0.825693
3301.775635 0.000000 2369.935791 0.000000 0.224263 0.000000 -0.974529 0.852268 0.852268 0.852268
3298.582275 0.000000 2371.127686 0.000000 0.995912 0.000000 -0.090324 0.732245 0.732245 0.732245
3301.191162 0.000000 2381.154297 0.000000 0.901494 0.000000 0.432792 0.540432 0.540432 0.540432
3315.968994 0.000000 2425.237549 0.000000 0.954936 0.000000 -0.296811 0.730756 0.730756 0.730756
3299.753662 0.000000 2416.396240 0.000000 0.955157 0.000000 0.296100 0.647046 0.647046 0.647046
3298.799805 0.000000 2375.308105 0.000000 0.999605 0.000000 -0.028109 0.710022 0.710022 0.710022
3325.188965 0.000000 2400.504150 0.000000 0.216979 0.000000 -0.976176 1.182025 1.182025 1.182025
3286.589600 0.000000 2387.459473 0.000000 0.936019 0.000000 -0.351949 0.726147 0.726147 0.726147
3288.121094 0.000000 2392.735840 0.000000 0.871231 0.000000 0.490874 0.632570 0.632570 0.632570
3311.481445 0.000000 2426.047119 0.000000 0.958810 0.000000 0.284050 0.655707 0.655707 0.655707
3296.193359 0.000000 2391.302490 0.000000 0.999369 0.000000 0.035523 0.689221 0.689221 0.689221
3285.846924 0.000000 2390.623535 0.000000 0.963056 0.000000 0.269301 0.687039 0.687039 0.687039
3286.723633 0.000000 2424.497070 0.000000 0.599646 0.000000 0.800266 0.632554 0.632554 0.632554
3292.309326 0.000000 2393.722900 0.000000 0.477941 0.000000 -0.878392 0.981889 0.981889 0.981889
3265.236084 0.000000 2421.141602 0.000000 0.909921 0.000000 -0.414781 0.784312 0.784312 0.784312
3297.484863 0.000000 2385.456543 0.000000 0.224890 0.000000 0.974384 0.346757 0.346757 0.346757
3302.573730 0.000000 2385.270752 0.000000 0.789763 0.000000 0.613412 0.582748 0.582748 0.582748
3277.301270 0.000000 2430.285889 0.000000 0.174685 0.000000 0.984624 0.497138 0.497138 0.497138
3290.552490 0.000000 2391.668701 0.000000 0.032784 0.000000 0.999462 0.151690 0.151690 0.151690
3291.876465 0.000000 2422.442139 0.000000 0.914615 0.000000 0.404325 0.584195 0.584195 0.584195
3267.447510 0.000000 2423.303955 0.000000 0.643227 0.000000 0.765675 0.660984 0.660984 0.660984
3298.419434 0.000000 2381.419189 0.000000 0.843458 0.000000 0.537196 0.530329 0.530329 0.530329
3305.864502 0.000000 2381.141602 0.000000 0.299780 0.000000 0.954008 0.423814 0.423814 0.423814
3294.718994 0.000000 2388.884033 0.000000 0.690523 0.000000 -0.723310 0.988266 0.988266 0.988266
3313.426758 0.000000 2424.361328 0.000000 0.904298 0.000000 -0.426901 0.820244 0.820244 0.820244
3298.814209 0.000000 2390.437744 0.000000 0.963731 0.000000 0.266877 0.686403 0.686403 0.686403
3292.569580 0.000000 2377.525391 0.000000 0.892373 0.000000 0.451299 0.671197 0.671197 0.671197
3320.814209 0.000000 2392.686768 0.000000 0.152979 0.000000 0.988229 0.636596 0.636596 0.636596
3303.575195 0.000000 2381.907959 0.000000 0.727742 0.000000 0.685851 0.430562 0.430562 0.430562
3265.357910 0.000000 2430.483154 0.000000 0.997836 0.000000 0.065755 0.692088 0.692088 0.692088
3291.777832 0.000000 2385.000488 0.000000 0.705200 0.000000 0.709008 0.639401 0.639401 0.639401
3301.595703 0.000000 2378.558838 0.000000 0.820217 0.000000 0.572053 0.482885 0.482885 0.482885
3290.947021 0.000000 2428.319092 0.000000 0.631180 0.000000 -0.775636 0.966835 0.966835 0.966835
3290.097656 0.000000 2425.524902 0.000000 0.816621 0.000000 0.577174 0.480654 0.480654 0.480654
3282.204834 0.000000 2426.817871 0.000000 0.978389 0.000000 -0.206771 0.747462 0.747462 0.747462
3294.046387 0.000000 2418.339355 0.000000 0.926298 0.000000 -0.376792 0.774536 0.774536 0.774536
3294.455566 0.000000 2392.979248 0.000000 0.424427 0.000000 -0.905462 1.083150 1.083150 1.083150
3297.091797 0.000000 2421.390625 0.000000 0.507656 0.000000 0.861560 0.329827 0.329827 0.329827
3289.321533 0.000000 2387.660889 0.000000 0.684324 0.000000 0.729178 0.565198 0.565198 0.565198
3286.578369 0.000000 2427.524414 0.000000 0.998127 0.000000 0.061172 0.687848 0.687848 0.687848
3294.384521 0.000000 2425.475342 0.000000 0.371297 0.000000 -0.928514 0.878074 0.878074 0.878074
3304.265137 0.000000 2375.031006 0.000000 0.950563 0.000000 0.310532 0.642171 0.642171 0.642171
3323.924072 0.000000 2398.736084 0.000000 0.783380 0.000000 0.621542 0.609043 0.609043 0.609043
3300.340088 0.000000 2376.772461 0.000000 0.661681 0.000000 0.749786 0.397775 0.397775 0.397775
3326.916992 0.000000 2401.686523 0.000000 0.940177 0.000000 0.340687 0.576061 0.576061 0.576061
3294.058105 0.000000 2374.123535 0.000000 0.906444 0.000000 0.422326 0.629290 0.629290 0.629290
3326.831543 0.000000 2399.017822 0.000000 0.998576 0.000000 0.053352 0.682986 0.682986 0.682986
3263.603271 0.000000 2425.810791 0.000000 0.930039 0.000000 -0.367461 0.765758 0.765758 0.765758
3304.175781 0.000000 2377.393799 0.000000 0.126952 0.000000 0.991909 0.522406 0.522406 0.522406
3320.788086 0.000000 2401.166992 0.000000 0.841917 0.000000 0.539607 0.667329 0.667329 0.667329
3292.382812 0.000000 2380.676025 0.000000 0.999761 0.000000 0.021872 0.696086 0.696086 0.696086
3301.078857 0.000000 2368.062744 0.000000 0.929497 0.000000 -0.368830 0.742778 0.742778 0.742778
3323.244629 0.000000 2400.887207 0.000000 0.118209 0.000000 0.992989 0.395436 0.395436 0.395436
3301.970459 0.000000 2383.114258 0.000000 0.738858 0.000000 0.673861 0.436391 0.436391 0.436391
3320.103271 0.000000 2389.610596 0.000000 0.999904 0.000000 -0.013870 0.701726 0.701726 0.701726
3309.984619 0.000000 2431.079346 0.000000 0.192728 0.000000 0.981252 0.326562 0.326562 0.326562
3293.075439 0.000000 2424.015625 0.000000 0.982905 0.000000 0.184113 0.656767 0.656767 0.656767
3279.133301 0.000000 2431.395996 0.000000 0.898140 0.000000 0.439709 0.584793 0.584793 0.584793
3267.230957 0.000000 2425.341553 0.000000 0.955777 0.000000 0.294092 0.595667 0.595667 0.595667
3296.138672 0.000000 2418.710449 0.000000 0.568651 0.000000 0.822579 0.513640 0.513640 0.513640
3290.168945 0.000000 2383.739990 0.000000 0.005415 0.000000 0.999985 0.400174 0.400174 0.400174
3302.635498 0.000000 2371.664551 0.000000 0.713070 0.000000 -0.701093 0.754310 0.754310 0.754310
3284.815918 0.000000 2428.417725 0.000000 0.992200 0.000000 0.124659 0.684448 0.684448 0.684448
3293.654297 0.000000 2421.712891 0.000000 0.829020 0.000000 -0.559219 0.848512 0.848512 0.848512
3296.768555 0.000000 2375.237305 0.000000 0.191634 0.000000 0.981467 0.280024 0.280024 0.280024
3299.902832 0.000000 2369.807373 0.000000 0.904245 0.000000 -0.427015 0.797456 0.797456 0.797456
3301.297363 0.000000 2415.117188 0.000000 0.163812 0.000000 0.986492 0.350048 0.350048 0.350048
3288.174561 0.000000 2425.725342 0.000000 0.487400 0.000000 0.873179 0.413528 0.413528 0.413528
3289.765625 0.000000 2393.466797 0.000000 0.017852 0.000000 0.999841 0.495915 0.495915 0.495915
3281.382568 0.000000 2428.464600 0.000000 0.876350 0.000000 -0.481675 0.787827 0.787827 0.787827
3319.360352 0.000000 2430.150879 0.000000 0.840412 0.000000 -0.541948 0.769665 0.769665 0.769665
3305.683594 0.000000 2373.821777 0.000000 0.224231 0.000000 0.974536 0.579686 0.579686 0.579686
3315.923828 0.000000 2423.404053 0.000000 0.351663 0.000000 -0.936126 0.893080 0.893080 0.893080
3312.058594 0.000000 2427.821777 0.000000 0.103314 0.000000 -0.994649 0.993347 0.993347 0.993347
3288.350830 0.000000 2383.418213 0.000000 0.999800 0.000000 -0.019999 0.702740 0.702740 0.702740
3290.836182 0.000000 2420.970703 0.000000 0.968437 0.000000 -0.249260 0.744729 0.744729 0.744729
3291.276367 0.000000 2424.217285 0.000000 0.343286 0.000000 0.939231 0.264925 0.264925 0.264925
3286.374023 0.000000 2392.379639 0.000000 0.702870 0.000000 0.711318 0.571659 0.571659 0.571659
3298.692871 0.000000 2417.757812 0.000000 0.988982 0.000000 -0.148034 0.726173 0.726173 0.726173
3290.721680 0.000000 2418.928955 0.000000 0.975245 0.000000 -0.221126 0.724626 0.724626 0.724626
3299.676758 0.000000 2380.242432 0.000000 0.877519 0.000000 -0.479541 0.849633 0.849633 0.849633
3292.655762 0.000000 2428.038818 0.000000 0.973109 0.000000 0.230343 0.674979 0.674979 0.674979
3267.281738 0.000000 2427.025635 0.000000 0.285728 0.000000 0.958311 0.243304 0.243304 0.243304
3296.102539 0.000000 2381.072998 0.000000 0.407319 0.000000 0.913286 0.471442 0.471442 0.471442
3287.027100 0.000000 2389.118164 0.000000 0.628064 0.000000 0.778162 0.423232 0.423232 0.423232
3311.804932 0.000000 2431.259766 0.000000 0.972803 0.000000 0.231635 0.616663 0.616663 0.616663
3300.785156 0.000000 2385.439697 0.000000 0.582195 0.000000 0.813049 0.361543 0.361543 0.361543
3263.640137 0.000000 2420.698242 0.000000 0.658184 0.000000 0.752857 0.605856 0.605856 0.605856
3293.732422 0.000000 2429.890381 0.000000 0.889498 0.000000 -0.456939 0.751086 0.751086 0.751086
3282.584717 0.000000 2425.191406 0.000000 0.761383 0.000000 0.648303 0.638860 0.638860 0.638860
3322.494385 0.000000 2397.781006 0.000000 0.892383 0.000000 -0.451278 0.751056 0.751056 0.751056
3265.440674 0.000000 2428.771729 0.000000 0.774208 0.000000 -0.632931 0.895461 0.895461 0.895461
3263.917725 0.000000 2422.342285 0.000000 0.999403 0.000000 0.034560 0.694297 0.694297 0.694297
3268.774902 0.000000 2424.339355 0.000000 0.860853 0.000000 0.508854 0.615661 0.615661 0.615661
3287.559082 0.000000 2391.143066 0.000000 0.915648 0.000000 0.401982 0.590113 0.590113 0.590113
3303.493408 0.000000 2383.749512 0.000000 0.839425 0.000000 -0.543475 0.904839 0.904839 0.904839
3281.199707 0.000000 2430.688721 0.000000 0.594939 0.000000 0.803771 0.585139 0.585139 0.585139
3293.007080 0.000000 2379.213623 0.000000 0.891977 0.000000 0.452081 0.596379 0.596379 0.596379
3286.681885 0.000000 2393.940674 0.000000 0.551656 0.000000 -0.834072 0.859978 0.859978 0.859978
3294.734863 0.000000 2390.680908 0.000000 0.969979 0.000000 0.243190 0.612423 0.612423 0.612423
3302.315674 0.000000 2380.009521 0.000000 0.760393 0.000000 -0.649464 0.952007 0.952007 0.952007
3298.196289 0.000000 2415.761719 0.000000 0.805916 0.000000 0.592029 0.622937 0.622937 0.622937
3298.993164 0.000000 2388.205078 0.000000 0.232662 0.000000 0.972558 0.223713 0.223713 0.223713
3299.131104 0.000000 2385.326660 0.000000 0.998727 0.000000 -0.050437 0.717989 0.717989 0.717989
3263.700439 0.000000 2430.271973 0.000000 0.223045 0.000000 0.974808 0.417760 0.417760 0.417760
3294.117432 0.000000 2377.278809 0.000000 0.033827 0.000000 0.999428 0.381981 0.381981 0.381981
3305.439453 0.000000 2376.420410 0.000000 0.996593 0.000000 -0.082471 0.710158 0.710158 0.710158
3285.096924 0.000000 2424.622803 0.000000 0.997169 0.000000 0.075199 0.692739 0.692739 0.692739
3297.795410 0.000000 2374.045410 0.000000 0.564702 0.000000 0.825295 0.404144 0.404144 0.404144
3291.678711 0.000000 2390.341064 0.000000 0.859491 0.000000 0.511152 0.508725 0.508725 0.508725
3293.802246 0.000000 2426.882324 0.000000 0.984163 0.000000 -0.177267 0.719433 0.719433 0.719433
3292.030518 0.000000 2392.068848 0.000000 0.788582 0.000000 -0.614930 0.874076 0.874076 0.874076
3298.671143 0.000000 2377.067139 0.000000 0.417959 0.000000 -0.908466 1.106275 1.106275 1.106275
3265.808350 0.000000 2422.644043 0.000000 0.051200 0.000000 -0.998688 1.090902 1.090902 1.090902
3265.353516 0.000000 2419.592529 0.000000 0.729549 0.000000 0.683928 0.604183 0.604183 0.604183
3283.487061 0.000000 2427.702393 0.000000 0.858616 0.000000 0.512620 0.577345 0.577345 0.577345
3295.658447 0.000000 2377.520508 0.000000 0.869038 0.000000 0.494745 0.592913 0.592913 0.592913
3301.313477 0.000000 2416.684326 0.000000 0.554752 0.000000 -0.832016 0.864871 0.864871 0.864871
3321.444580 0.000000 2388.881836 0.000000 0.864020 0.000000 -0.503458 0.765648 0.765648 0.765648
3290.696045 0.000000 2429.808594 0.000000 0.878158 0.000000 -0.478371 0.849931 0.849931 0.849931
3289.154785 0.000000 2391.121582 0.000000 0.182034 0.000000 0.983292 0.294507 0.294507 0.294507
3327.545410 0.000000 2390.805420 0.000000 0.128889 0.000000 0.991659 0.186078 0.186078 0.186078
3312.873047 0.000000 2426.519287 0.000000 0.251016 0.000000 0.967983 0.436687 0.436687 0.436687
3301.216064 0.000000 2386.865723 0.000000 0.861928 0.000000 -0.507031 0.860575 0.860575 0.860575
3293.739502 0.000000 2419.871582 0.000000 0.668755 0.000000 0.743482 0.504285 0.504285 0.504285
3299.928223 0.000000 2374.309326 0.000000 0.325719 0.000000 -0.945467 1.141721 1.141721 1.141721
3290.959961 0.000000 2426.822266 0.000000 0.910297 0.000000 -0.413956 0.784730 0.784730 0.784730
3295.692627 0.000000 2424.824463 0.000000 0.836192 0.000000 -0.548436 0.786838 0.786838 0.786838
3322.451904 0.000000 2395.398926 0.000000 0.470329 0.000000 0.882491 0.372005 0.372005 0.372005
3297.351074 0.000000 2390.456543 0.000000 0.901054 0.000000 0.433707 0.563903 0.563903 0.563903
3325.296387 0.000000 2399.069336 0.000000 0.982402 0.000000 -0.186780 0.738350 0.738350 0.738350
3298.285156 0.000000 2379.773193 0.000000 0.137915 0.000000 0.990444 0.189325 0.189325 0.189325
3266.291748 0.000000 2424.218750 0.000000 0.897257 0.000000 -0.441509 0.859827 0.859827 0.859827
3293.159912 0.000000 2385.432617 0.000000 0.568740 0.000000 0.822517 0.419141 0.419141 0.419141
3302.873779 0.000000 2377.924316 0.000000 0.851856 0.000000 0.523775 0.503466 0.503466 0.503466
3284.904785 0.000000 2423.094482 0.000000 0.090805 0.000000 -0.995869 0.898619 0.898619 0.898619
3325.271973 0.000000 2395.960449 0.000000 0.997963 0.000000 -0.063796 0.716422 0.716422 0.716422
3296.608398 0.000000 2420.035156 0.000000 0.867100 0.000000 0.498134 0.514101 0.514101 0.514101
3295.429932 0.000000 2374.609131 0.000000 0.955906 0.000000 -0.293671 0.748339 0.748339 0.748339
3292.930420 0.000000 2384.069580 0.000000 0.833022 0.000000 0.553240 0.529520 0.529520 0.529520
3304.403076 0.000000 2380.775391 0.000000 0.095840 0.000000 0.995397 0.378346 0.378346 0.378346
3288.978027 0.000000 2424.577881 0.000000 0.331157 0.000000 -0.943576 1.032769 1.032769 1.032769
3314.385742 0.000000 2423.311768 0.000000 0.860293 0.000000 -0.509801 0.785261 0.785261 0.785261
3295.960938 0.000000 2388.093262 0.000000 0.786177 0.000000 0.618002 0.462495 0.462495 0.462495
3299.401855 0.000000 2419.796387 0.000000 0.597436 0.000000 0.801917 0.463237 0.463237 0.463237
3287.881348 0.000000 2388.073730 0.000000 0.782360 0.000000 0.622826 0.491322 0.491322 0.491322
3265.397461 0.000000 2425.243164 0.000000 0.575336 0.000000 0.817917 0.422818 0.422818 0.422818
3294.441650 0.000000 2387.556396 0.000000 0.594728 0.000000 -0.803927 1.032931 1.032931 1.032931
3292.348145 0.000000 2387.858887 0.000000 0.113910 0.000000 0.993491 0.343616 0.343616 0.343616
3291.013916 0.000000 2392.958984 0.000000 0.110410 0.000000 0.993886 0.406038 0.406038 0.406038
3290.644287 0.000000 2423.020752 0.000000 0.171312 0.000000 -0.985217 1.089122 1.089122 1.089122
3326.609619 0.000000 2400.354980 0.000000 0.950610 0.000000 -0.310388 0.812514 0.812514 0.812514
3324.179443 0.000000 2397.392822 0.000000 0.791924 0.000000 -0.610620 0.878152 0.878152 0.878152
3295.086670 0.000000 2380.118164 0.000000 0.929820 0.000000 0.368014 0.644149 0.644149 0.644149
3295.718018 0.000000 2392.589355 0.000000 0.901542 0.000000 0.432692 0.548604 0.548604 0.548604
3294.369141 0.000000 2386.044434 0.000000 0.978690 0.000000 -0.205345 0.773731 0.773731 0.773731
3300.911865 0.000000 2379.733643 0.000000 0.289733 0.000000 -0.957107 1.155205 1.155205 1.155205
3278.629150 0.000000 2430.166504 0.000000 0.713167 0.000000 -0.700994 0.896567 0.896567 0.896567
3297.793701 0.000000 2378.395996 0.000000 0.940957 0.000000 -0.338526 0.798496 0.798496 0.798496
3292.437744 0.000000 2421.145508 0.000000 0.979544 0.000000 0.201232 0.649295 0.649295 0.649295
3310.795898 0.000000 2427.436279 0.000000 0.537704 0.000000 -0.843134 0.854262 0.854262 0.854262
3297.171387 0.000000 2381.826416 0.000000 0.998212 0.000000 0.059782 0.688125 0.688125 0.688125
3315.662109 0.000000 2430.830811 0.000000 0.966078 0.000000 0.258252 0.606876 0.606876 0.606876
3295.416504 0.000000 2383.810303 0.000000 0.949568 0.000000 0.313561 0.643371 0.643371 0.643371
3263.665527 0.000000 2424.446289 0.000000 0.419138 0.000000 -0.907923 0.898928 0.898928 0.898928
3293.197510 0.000000 2392.626221 0.000000 0.983258 0.000000 0.182220 0.651837 0.651837 0.651837
3325.624512 0.000000 2401.736572 0.000000 0.980357 0.000000 0.197230 0.629222 0.629222 0.629222
3325.773682 0.000000 2393.073242 0.000000 0.848202 0.000000 -0.529673 0.899007 0.899007 0.899007
3287.362549 0.000000 2430.899170 0.000000 0.305472 0.000000 -0.952201 0.888542 0.888542 0.888542
3296.944824 0.000000 2384.160645 0.000000 0.801294 0.000000 0.598271 0.531432 0.531432 0.531432
3301.543457 0.000000 2384.355469 0.000000 0.614619 0.000000 0.788824 0.375973 0.375973 0.375973
3266.216797 0.000000 2427.765137 0.000000 0.379123 0.000000 0.925346 0.278627 0.278627 0.278627
3295.057373 0.000000 2382.417969 0.000000 0.998243 0.000000 0.059257 0.689472 0.689472 0.689472
3301.603027 0.000000 2377.288086 0.000000 0.991738 0.000000 -0.128278 0.745858 0.745858 0.745858
3300.369385 0.000000 2378.193604 0.000000 0.887978 0.000000 -0.459885 0.870362 0.870362 0.870362
3279.493164 0.000000 2428.300781 0.000000 0.229550 0.000000 0.973297 0.467839 0.467839 0.467839
3302.242432 0.000000 2381.842529 0.000000 0.843265 0.000000 -0.537498 0.902306 0.902306 0.902306
3298.107910 0.000000 2389.376221 0.000000 0.323662 0.000000 0.946173 0.257504 0.257504 0.257504
3322.031250 0.000000 2392.971924 0.000000 0.981018 0.000000 0.193919 0.653890 0.653890 0.653890
3287.696289 0.000000 2426.924316 0.000000 0.374268 0.000000 -0.927321 0.935687 0.935687 0.935687
3292.156982 0.000000 2386.194336 0.000000 0.829094 0.000000 0.559110 0.554839 0.554839 0.554839
3291.900146 0.000000 2429.162842 0.000000 0.388389 0.000000 0.921495 0.347741 0.347741 0.347741
3297.438477 0.000000 2418.210693 0.000000 0.142067 0.000000 0.989857 0.424444 0.424444 0.424444
3297.680908 0.000000 2376.097412 0.000000 0.588899 0.000000 -0.808206 0.886832 0.886832 0.886832
3281.876221 0.000000 2429.647217 0.000000 0.976775 0.000000 0.214266 0.662263 0.662263 0.662263
3291.483643 0.000000 2383.799805 0.000000 0.677122 0.000000 0.735871 0.541610 0.541610 0.541610
3300.448486 0.000000 2417.552002 0.000000 0.290760 0.000000 -0.956796 0.914034 0.914034 0.914034
3293.132080 0.000000 2381.744141 0.000000 0.985942 0.000000 -0.167089 0.730042 0.730042 0.730042
3303.725342 0.000000 2376.253662 0.000000 0.551671 0.000000 -0.834062 1.051669 1.051669 1.051669
3294.174561 0.000000 2391.790283 0.000000 0.302703 0.000000 0.953085 0.249636 0.249636 0.249636
3302.530762 0.000000 2375.065674 0.000000 0.205553 0.000000 -0.978646 0.926890 0.926890 0.926890
3300.450195 0.000000 2387.857666 0.000000 0.571083 0.000000 0.820892 0.409199 0.409199 0.409199
3300.023682 0.000000 2375.545410 0.000000 0.794070 0.000000 0.607827 0.467087 0.467087 0.467087
3322.111816 0.000000 2401.339600 0.000000 0.939834 0.000000 -0.341633 0.773116 0.773116 0.773116
3301.505615 0.000000 2371.201172 0.000000 0.161612 0.000000 -0.986854 1.202130 1.202130 1.202130
3324.998779 0.000000 2391.573242 0.000000 0.085936 0.000000 0.996301 0.170675 0.170675 0.170675
3324.027344 0.000000 2399.927979 0.000000 0.300630 0.000000 -0.953741 0.958300 0.958300 0.958300
3297.389404 0.000000 2380.637939 0.000000 0.981261 0.000000 -0.192685 0.738494 0.738494 0.738494
3312.507812 0.000000 2425.359863 0.000000 0.554703 0.000000 0.832049 0.432068 0.432068 0.432068
3289.652100 0.000000 2426.634033 0.000000 0.232890 0.000000 -0.972503 1.108975 1.108975 1.108975
3293.783936 0.000000 2422.904297 0.000000 0.373874 0.000000 0.927480 0.276607 0.276607 0.276607
3294.972900 0.000000 2419.187256 0.000000 0.926797 0.000000 -0.375563 0.774280 0.774280 0.774280
3293.224121 0.000000 2425.223877 0.000000 0.916596 0.000000 -0.399814 0.796032 0.796032 0.796032
3293.843506 0.000000 2380.045898 0.000000 0.917985 0.000000 0.396614 0.627019 0.627019 0.627019
3296.245850 0.000000 2376.427490 0.000000 0.023518 0.000000 0.999723 0.392826 0.392826 0.392826
3302.216309 0.000000 2372.815918 0.000000 0.312038 0.000000 0.950069 0.309211 0.309211 0.309211
3303.954102 0.000000 2373.854736 0.000000 0.960780 0.000000 0.277312 0.612394 0.612394 0.612394
3291.328369 0.000000 2425.451416 0.000000 0.107527 0.000000 -0.994202 1.221592 1.221592 1.221592
3283.297852 0.000000 2426.385010 0.000000 0.802746 0.000000 0.596321 0.554402 0.554402 0.554402
3303.166016 0.000000 2380.833496 0.000000 0.734011 0.000000 -0.679138 0.966164 0.966164 0.966164
3285.371826 0.000000 2427.334473 0.000000 0.989830 0.000000 -0.142254 0.729535 0.729535 0.729535
3264.582275 0.000000 2429.533936 0.000000 0.072814 0.000000 -0.997346 1.127215 1.127215 1.127215
3312.917236 0.000000 2430.914307 0.000000 0.512181 0.000000 -0.858878 1.068298 1.068298 1.068298
3290.126465 0.000000 2424.092041 0.000000 0.651359 0.000000 -0.758769 1.007103 1.007103 1.007103
3289.914795 0.000000 2427.761963 0.000000 0.711864 0.000000 -0.702317 0.938404 0.938404 0.938404
3293.770020 0.000000 2390.039307 0.000000 0.517759 0.000000 -0.855527 0.951162 0.951162 0.951162
3292.932861 0.000000 2418.891357 0.000000 0.897439 0.000000 -0.441138 0.806668 0.806668 0.806668
3323.052490 0.000000 2390.879639 0.000000 0.641286 0.000000 0.767302 0.388191 0.388191 0.388191
3300.839600 0.000000 2383.074219 0.000000 0.840421 0.000000 -0.541934 0.904185 0.904185 0.904185
3316.594238 0.000000 2430.010254 0.000000 0.870798 0.000000 0.491642 0.557723 0.557723 0.557723
3298.741455 0.000000 2382.538818 0.000000 0.535711 0.000000 0.844402 0.496176 0.496176 0.496176
3300.027344 0.000000 2372.629639 0.000000 0.451130 0.000000 -0.892458 1.093144 1.093144 1.093144
3260.067139 0.000000 2475.215820 0.000000 0.623435 0.000000 0.781875 0.506730 0.506730 0.506730
3260.879639 0.000000 2467.558105 0.000000 0.917036 0.000000 0.398804 0.673045 0.673045 0.673045
3261.256836 0.000000 2432.212891 0.000000 0.936426 0.000000 -0.350865 0.729571 0.729571 0.729571
3261.919922 0.000000 2471.551514 0.000000 0.670478 0.000000 -0.741930 0.931404 0.931404 0.931404
3262.795410 0.000000 2438.309082 0.000000 0.850596 0.000000 -0.525820 0.888876 0.888876 0.888876
3261.488770 0.000000 2435.563232 0.000000 0.967758 0.000000 0.251882 0.665826 0.665826 0.665826
3259.050293 0.000000 2470.026855 0.000000 0.676579 0.000000 0.736370 0.662971 0.662971 0.662971
3263.229248 0.000000 2475.115967 0.000000 0.128824 0.000000 -0.991667 1.213945 1.213945 1.213945
3258.025635 0.000000 2473.292236 0.000000 0.421973 0.000000 0.906608 0.634931 0.634931 0.634931
3263.509521 0.000000 2467.764404 0.000000 0.954982 0.000000 -0.296663 0.780008 0.780008 0.780008
3261.486816 0.000000 2476.878906 0.000000 0.999939 0.000000 -0.011064 0.701671 0.701671 0.701671
3260.407959 0.000000 2473.082764 0.000000 0.079247 0.000000 0.996855 0.380969 0.380969 0.380969
3262.095215 0.000000 2469.427490 0.000000 0.116261 0.000000 -0.993219 0.868753 0.868753 0.868753
3262.895508 0.000000 2433.956543 0.000000 0.318953 0.000000 0.947770 0.403821 0.403821 0.403821
3260.956055 0.000000 2438.429932 0.000000 0.985580 0.000000 0.169208 0.656975 0.656975 0.656975
3262.217773 0.000000 2473.607666 0.000000 0.064392 0.000000 -0.997925 0.921129 0.921129 0.921129
3261.926270 0.000000 2439.923584 0.000000 0.080696 0.000000 -0.996739 1.077048 1.077048 1.077048
3263.195801 0.000000 2436.246582 0.000000 0.690212 0.000000 -0.723607 0.981633 0.981633 0.981633
3260.130127 0.000000 2471.425049 0.000000 0.835180 0.000000 -0.549977 0.861201 0.861201 0.861201
3262.728516 0.000000 2431.533203 0.000000 0.797481 0.000000 -0.603344 0.835827 0.835827 0.835827
3260.570557 0.000000 2469.140137 0.000000 0.938235 0.000000 -0.345999 0.790391 0.790391 0.790391
3261.637451 0.000000 2475.018311 0.000000 0.198982 0.000000 0.980003 0.404933 0.404933 0.404933
3262.187988 0.000000 2466.974609 0.000000 0.995216 0.000000 0.097698 0.674007 0.674007 0.674007
3261.081787 0.000000 2470.390381 0.000000 0.994389 0.000000 0.105782 0.670663 0.670663 0.670663
3263.085693 0.000000 2472.258545 0.000000 0.774632 0.000000 0.632412 0.599493 0.599493 0.599493
3260.255127 0.000000 2476.714844 0.000000 0.603922 0.000000 0.797043 0.560728 0.560728 0.560728
3263.236816 0.000000 2432.740723 0.000000 0.232509 0.000000 0.972594 0.382438 0.382438 0.382438
3262.706055 0.000000 2435.165771 0.000000 0.847381 0.000000 -0.530986 0.899560 0.899560 0.899560
3263.027100 0.000000 2439.567139 0.000000 0.896747 0.000000 0.442544 0.543615 0.543615 0.543615
3261.489014 0.000000 2472.642822 0.000000 0.953799 0.000000 0.300446 0.634725 0.634725 0.634725
3260.729980 0.000000 2474.193848 0.000000 0.126301 0.000000 0.991992 0.389070 0.389070 0.389070
3265.577637 0.000000 2474.417725 0.000000 0.666840 0.000000 0.745201 0.464891 0.464891 0.464891
3318.655029 0.000000 2432.158447 0.000000 0.219560 0.000000 0.975599 0.218918 0.218918 0.218918
3306.586914 0.000000 2439.352783 0.000000 0.967784 0.000000 0.251781 0.629900 0.629900 0.629900
3274.974365 0.000000 2469.214355 0.000000 0.994249 0.000000 0.107093 0.697300 0.697300 0.697300
3288.616943 0.000000 2453.738525 0.000000 0.621174 0.000000 0.783673 0.618162 0.618162 0.618162
3299.124512 0.000000 2442.551025 0.000000 0.253818 0.000000 0.967252 0.628345 0.628345 0.628345
3311.151855 0.000000 2432.834473 0.000000 0.986413 0.000000 -0.164284 0.758835 0.758835 0.758835
3279.185059 0.000000 2464.355225 0.000000 0.600179 0.000000 -0.799866 0.839980 0.839980 0.839980
3325.249023 0.000000 2432.212891 0.000000 0.789885 0.000000 -0.613255 0.797835 0.797835 0.797835
3301.028809 0.000000 2437.150391 0.000000 0.999109 0.000000 0.042196 0.698643 0.698643 0.698643
3289.008789 0.000000 2468.136963 0.000000 0.265591 0.000000 -0.964086 0.942094 0.942094 0.942094
3267.859131 0.000000 2478.767334 0.000000 0.607281 0.000000 -0.794487 0.837351 0.837351 0.837351
3278.970215 0.000000 2472.066162 0.000000 0.913823 0.000000 -0.406114 0.730403 0.730403 0.730403
3289.791016 0.000000 2459.245605 0.000000 0.213124 0.000000 0.977025 0.216568 0.216568 0.216568
3293.171631 0.000000 2455.039551 0.000000 0.942680 0.000000 0.333698 0.631506 0.631506 0.631506
3291.170410 0.000000 2463.656494 0.000000 0.039083 0.000000 0.999236 0.455878 0.455878 0.455878
3303.836670 0.000000 2443.441162 0.000000 0.879804 0.000000 0.475336 0.626592 0.626592 0.626592
3293.227539 0.000000 2450.820312 0.000000 0.857535 0.000000 -0.514426 0.740793 0.740793 0.740793
3314.821289 0.000000 2434.855469 0.000000 0.936178 0.000000 0.351525 0.632205 0.632205 0.632205
3283.150146 0.000000 2465.533447 0.000000 0.972999 0.000000 -0.230809 0.752751 0.752751 0.752751
3309.125488 0.000000 2436.332275 0.000000 0.229721 0.000000 -0.973257 0.887202 0.887202 0.887202
3319.506592 0.000000 2435.960449 0.000000 0.675487 0.000000 0.737372 0.469312 0.469312 0.469312
3281.131592 0.000000 2431.412109 0.000000 0.190277 0.000000 0.981730 0.530298 0.530298 0.530298
3263.722656 0.000000 2443.893799 0.000000 0.373785 0.000000 0.927516 0.621957 0.621957 0.621957
3268.870361 0.000000 2473.080566 0.000000 0.956265 0.000000 0.292501 0.647710 0.647710 0.647710
3321.979248 0.000000 2433.374512 0.000000 0.253542 0.000000 -0.967324 1.076728 1.076728 1.076728
3263.626465 0.000000 2438.090088 0.000000 0.764626 0.000000 -0.644474 0.938904 0.938904 0.938904
3307.917725 0.000000 2431.559082 0.000000 0.095910 0.000000 -0.995390 0.751545 0.751545 0.751545
3304.270264 0.000000 2436.695557 0.000000 0.879970 0.000000 -0.475029 0.756747 0.756747 0.756747
3285.820068 0.000000 2467.674316 0.000000 0.900825 0.000000 0.434183 0.539882 0.539882 0.539882
3264.133545 0.000000 2431.556152 0.000000 0.440657 0.000000 -0.897675 0.833996 0.833996 0.833996
3301.191162 0.000000 2445.138672 0.000000 0.655379 0.000000 -0.755300 0.897489 0.897489 0.897489
3315.542480 0.000000 2431.843018 0.000000 0.999991 0.000000 -0.004156 0.701482 0.701482 0.701482
3325.480957 0.000000 2435.563232 0.000000 0.117397 0.000000 0.993085 0.612642 0.612642 0.612642
3288.121094 0.000000 2456.720215 0.000000 0.999751 0.000000 0.022310 0.692046 0.692046 0.692046
3277.629395 0.000000 2474.787598 0.000000 0.050118 0.000000 0.998743 0.211024 0.211024 0.211024
3288.431396 0.000000 2465.077393 0.000000 0.957200 0.000000 0.289428 0.643349 0.643349 0.643349
3286.916260 0.000000 2459.941162 0.000000 0.862463 0.000000 0.506120 0.510809 0.510809 0.510809
3291.895752 0.000000 2468.737549 0.000000 0.104338 0.000000 -0.994542 0.909094 0.909094 0.909094
3293.994385 0.000000 2462.726807 0.000000 0.773951 0.000000 -0.633245 0.745059 0.745059 0.745059
3276.771240 0.000000 2467.009277 0.000000 0.886126 0.000000 0.463444 0.651494 0.651494 0.651494
3297.484863 0.000000 2449.440918 0.000000 0.222232 0.000000 0.974994 0.406288 0.406288 0.406288
3291.332275 0.000000 2452.825439 0.000000 0.353748 0.000000 0.935341 0.365267 0.365267 0.365267
3291.948242 0.000000 2460.935059 0.000000 0.434983 0.000000 -0.900439 1.030620 1.030620 1.030620
3289.112305 0.000000 2461.875244 0.000000 0.002434 0.000000 0.999997 0.140868 0.140868 0.140868
3290.552490 0.000000 2455.653076 0.000000 0.331988 0.000000 -0.943284 1.139354 1.139354 1.139354
3299.753418 0.000000 2450.763916 0.000000 0.930214 0.000000 -0.367018 0.774081 0.774081 0.774081
3298.419434 0.000000 2445.403564 0.000000 0.458337 0.000000 -0.888778 0.853043 0.853043 0.853043
3291.911621 0.000000 2466.122314 0.000000 0.870334 0.000000 0.492462 0.568261 0.568261 0.568261
3307.544434 0.000000 2434.116455 0.000000 0.532606 0.000000 -0.846363 1.006147 1.006147 1.006147
3305.864502 0.000000 2445.125977 0.000000 0.789648 0.000000 -0.613560 0.760028 0.760028 0.760028
3294.718994 0.000000 2452.868408 0.000000 0.993142 0.000000 -0.116916 0.723592 0.723592 0.723592
3317.323730 0.000000 2434.449219 0.000000 0.866008 0.000000 -0.500029 0.824453 0.824453 0.824453
3278.149658 0.000000 2436.667725 0.000000 0.557506 0.000000 0.830173 0.479544 0.479544 0.479544
3263.810547 0.000000 2472.679932 0.000000 0.923788 0.000000 -0.382905 0.757682 0.757682 0.757682
3285.646484 0.000000 2465.139160 0.000000 0.559201 0.000000 -0.829032 0.980119 0.980119 0.980119
3277.170410 0.000000 2470.357422 0.000000 0.928510 0.000000 -0.371308 0.805838 0.805838 0.805838
3281.791016 0.000000 2467.607910 0.000000 0.652465 0.000000 0.757819 0.600210 0.600210 0.600210
3281.450684 0.000000 2463.442383 0.000000 0.459971 0.000000 0.887934 0.596106 0.596106 0.596106
3284.100098 0.000000 2463.116211 0.000000 0.211575 0.000000 -0.977362 1.138445 1.138445 1.138445
3303.575195 0.000000 2445.892334 0.000000 0.430533 0.000000 0.902575 0.467074 0.467074 0.467074
3313.750000 0.000000 2439.335693 0.000000 0.424459 0.000000 0.905447 0.587592 0.587592 0.587592
3282.009033 0.000000 2433.568115 0.000000 0.757678 0.000000 -0.652629 0.867008 0.867008 0.867008
3301.595703 0.000000 2442.543213 0.000000 0.368153 0.000000 -0.929765 0.988733 0.988733 0.988733
3311.304199 0.000000 2435.311279 0.000000 0.912464 0.000000 -0.409158 0.760701 0.760701 0.760701
3286.989990 0.000000 2469.700684 0.000000 0.879305 0.000000 -0.476260 0.802017 0.802017 0.802017
3295.537354 0.000000 2450.668945 0.000000 0.715452 0.000000 -0.698662 0.975767 0.975767 0.975767
3284.791260 0.000000 2460.807373 0.000000 0.542972 0.000000 0.839751 0.344625 0.344625 0.344625
3294.600098 0.000000 2464.955811 0.000000 0.775934 0.000000 0.630814 0.653238 0.653238 0.653238
3313.289795 0.000000 2432.065674 0.000000 0.688011 0.000000 0.725700 0.416174 0.416174 0.416174
3306.793457 0.000000 2436.316162 0.000000 0.268821 0.000000 -0.963190 0.896081 0.896081 0.896081
3284.134521 0.000000 2471.675049 0.000000 0.997429 0.000000 0.071664 0.694585 0.694585 0.694585
3304.265137 0.000000 2439.015381 0.000000 0.988081 0.000000 0.153933 0.688116 0.688116 0.688116
3263.710205 0.000000 2475.399902 0.000000 0.442122 0.000000 -0.896955 1.096733 1.096733 1.096733
3269.902588 0.000000 2479.785645 0.000000 0.997315 0.000000 -0.073237 0.707584 0.707584 0.707584
3274.207275 0.000000 2471.180664 0.000000 0.416403 0.000000 -0.909180 0.838820 0.838820 0.838820
3263.638184 0.000000 2468.052979 0.000000 0.974035 0.000000 -0.226398 0.726501 0.726501 0.726501
3304.175781 0.000000 2441.378174 0.000000 0.952138 0.000000 -0.305669 0.784254 0.784254 0.784254
3277.619629 0.000000 2438.618896 0.000000 0.849622 0.000000 -0.527392 0.739610 0.739610 0.739610
3312.829346 0.000000 2434.012207 0.000000 0.934304 0.000000 -0.356478 0.747392 0.747392 0.747392
3269.935059 0.000000 2471.259277 0.000000 0.691935 0.000000 -0.721959 0.842093 0.842093 0.842093
3301.970459 0.000000 2447.098633 0.000000 0.974172 0.000000 -0.225805 0.744900 0.744900 0.744900
3319.648193 0.000000 2433.966797 0.000000 0.411851 0.000000 -0.911251 1.108668 1.108668 1.108668
3289.918457 0.000000 2466.382812 0.000000 0.975891 0.000000 -0.218258 0.764907 0.764907 0.764907
3309.466309 0.000000 2434.415039 0.000000 0.383370 0.000000 -0.923595 1.119735 1.119735 1.119735
3277.063721 0.000000 2472.473633 0.000000 0.646314 0.000000 -0.763072 0.878399 0.878399 0.878399
3280.110352 0.000000 2433.245361 0.000000 0.483119 0.000000 0.875555 0.631407 0.631407 0.631407
3265.830811 0.000000 2432.436279 0.000000 0.998445 0.000000 0.055737 0.687370 0.687370 0.687370
3283.782959 0.000000 2467.368652 0.000000 0.999923 0.000000 0.012396 0.697816 0.697816 0.697816
3302.750000 0.000000 2437.853027 0.000000 0.666223 0.000000 -0.745752 0.888272 0.888272 0.888272
3276.823242 0.000000 2431.500732 0.000000 0.498012 0.000000 0.867170 0.547405 0.547405 0.547405
3287.564941 0.000000 2466.939697 0.000000 0.419738 0.000000 0.907645 0.294423 0.294423 0.294423
3282.062012 0.000000 2435.517822 0.000000 0.892639 0.000000 -0.450772 0.737919 0.737919 0.737919
3285.010986 0.000000 2470.017822 0.000000 0.095675 0.000000 -0.995413 0.811354 0.811354 0.811354
3289.765625 0.000000 2457.451172 0.000000 0.043961 0.000000 -0.999033 1.244323 1.244323 1.244323
3292.843018 0.000000 2464.553955 0.000000 0.661830 0.000000 -0.749654 1.002153 1.002153 1.002153
3305.683594 0.000000 2437.806152 0.000000 0.890821 0.000000 0.454355 0.645930 0.645930 0.645930
3306.070557 0.000000 2432.008789 0.000000 0.215897 0.000000 0.976416 0.234606 0.234606 0.234606
3301.166016 0.000000 2439.052246 0.000000 0.128280 0.000000 -0.991738 1.008484 1.008484 1.008484
3309.321045 0.000000 2432.636230 0.000000 0.823594 0.000000 0.567179 0.526313 0.526313 0.526313
3307.717529 0.000000 2437.803711 0.000000 0.752197 0.000000 0.658939 0.591376 0.591376 0.591376
3284.251709 0.000000 2433.260986 0.000000 0.615551 0.000000 -0.788097 0.823097 0.823097 0.823097
3290.300049 0.000000 2469.475098 0.000000 0.710491 0.000000 -0.703706 0.811316 0.811316 0.811316
3288.155273 0.000000 2458.535156 0.000000 0.999425 0.000000 -0.033899 0.712088 0.712088 0.712088
3305.350098 0.000000 2435.221436 0.000000 0.448640 0.000000 0.893713 0.472791 0.472791 0.472791
3286.374023 0.000000 2456.364014 0.000000 0.903702 0.000000 0.428163 0.578138 0.578138 0.578138
3268.169434 0.000000 2471.142334 0.000000 0.827488 0.000000 0.561484 0.594979 0.594979 0.594979
3299.676758 0.000000 2444.226807 0.000000 0.302426 0.000000 0.953173 0.523346 0.523346 0.523346
3293.001465 0.000000 2453.083252 0.000000 0.659712 0.000000 -0.751518 1.003159 1.003159 1.003159
3300.785156 0.000000 2449.424072 0.000000 0.968383 0.000000 0.249468 0.637256 0.637256 0.637256
3275.847168 0.000000 2471.342773 0.000000 0.390808 0.000000 -0.920472 0.842222 0.842222 0.842222
3312.092773 0.000000 2438.741455 0.000000 0.021989 0.000000 -0.999758 0.853739 0.853739 0.853739
3287.532471 0.000000 2461.433594 0.000000 0.363958 0.000000 0.931415 0.272804 0.272804 0.272804
3265.692139 0.000000 2472.802979 0.000000 0.405592 0.000000 -0.914054 0.811242 0.811242 0.811242
3314.655518 0.000000 2433.218750 0.000000 0.999806 0.000000 0.019689 0.692980 0.692980 0.692980
3306.594727 0.000000 2443.662109 0.000000 0.554684 0.000000 0.832061 0.482902 0.482902 0.482902
3290.370361 0.000000 2460.778564 0.000000 0.999872 0.000000 -0.016026 0.704728 0.704728 0.704728
3316.009033 0.000000 2435.945557 0.000000 0.997232 0.000000 -0.074358 0.717689 0.717689 0.717689
3284.490967 0.000000 2459.187988 0.000000 0.691540 0.000000 -0.722338 0.790279 0.790279 0.790279
3286.681885 0.000000 2457.925049 0.000000 0.296035 0.000000 0.955177 0.350147 0.350147 0.350147
3264.413086 0.000000 2433.171631 0.000000 0.830181 0.000000 0.557495 0.566064 0.566064 0.566064
3290.182861 0.000000 2453.978760 0.000000 0.272309 0.000000 -0.962210 1.058480 1.058480 1.058480
3313.452393 0.000000 2435.760254 0.000000 0.423966 0.000000 -0.905678 0.847310 0.847310 0.847310
3302.315674 0.000000 2443.993896 0.000000 0.943582 0.000000 0.331139 0.649983 0.649983 0.649983
3299.131104 0.000000 2449.311035 0.000000 0.908112 0.000000 -0.418727 0.806309 0.806309 0.806309
3307.203369 0.000000 2440.808838 0.000000 0.748553 0.000000 -0.663074 0.772971 0.772971 0.772971
3307.775879 0.000000 2442.532227 0.000000 0.988321 0.000000 -0.152386 0.733793 0.733793 0.733793
3305.439453 0.000000 2440.404785 0.000000 0.879380 0.000000 0.476121 0.565408 0.565408 0.565408
3276.050781 0.000000 2474.425049 0.000000 0.808460 0.000000 0.588551 0.497656 0.497656 0.497656
3279.294922 0.000000 2431.874023 0.000000 0.449485 0.000000 -0.893288 0.979521 0.979521 0.979521
3289.666748 0.000000 2464.000488 0.000000 0.454162 0.000000 -0.890919 0.912104 0.912104 0.912104
3291.678711 0.000000 2454.325439 0.000000 0.323812 0.000000 0.946122 0.257560 0.257560 0.257560
3267.328613 0.000000 2472.590820 0.000000 0.272110 0.000000 0.962266 0.415706 0.415706 0.415706
3288.615479 0.000000 2460.321289 0.000000 0.830576 0.000000 -0.556905 0.910572 0.910572 0.910572
3290.834473 0.000000 2467.643799 0.000000 0.969679 0.000000 -0.244380 0.763164 0.763164 0.763164
3287.039062 0.000000 2464.459473 0.000000 0.999182 0.000000 0.040446 0.688179 0.688179 0.688179
3298.192139 0.000000 2450.849609 0.000000 0.675757 0.000000 -0.737125 0.863380 0.863380 0.863380
3293.429199 0.000000 2465.958984 0.000000 0.214132 0.000000 0.976805 0.216935 0.216935 0.216935
3291.266602 0.000000 2459.528320 0.000000 0.957123 0.000000 0.289682 0.610016 0.610016 0.610016
3282.843506 0.000000 2464.061523 0.000000 0.892373 0.000000 0.451298 0.593954 0.593954 0.593954
3290.783447 0.000000 2465.114502 0.000000 0.356275 0.000000 -0.934381 1.130132 1.130132 1.130132
3292.870850 0.000000 2467.583252 0.000000 0.954455 0.000000 0.298353 0.591990 0.591990 0.591990
3293.174805 0.000000 2469.536865 0.000000 0.874691 0.000000 0.484681 0.600961 0.600961 0.600961
3280.358154 0.000000 2467.053467 0.000000 0.057723 0.000000 -0.998333 0.875573 0.875573 0.875573
3280.853271 0.000000 2468.813965 0.000000 0.944144 0.000000 0.329532 0.610329 0.610329 0.610329
3311.950684 0.000000 2431.436523 0.000000 0.770941 0.000000 0.636906 0.453840 0.453840 0.453840
3289.154785 0.000000 2455.105957 0.000000 0.506304 0.000000 0.862355 0.383060 0.383060 0.383060
3264.615234 0.000000 2476.554199 0.000000 0.121388 0.000000 0.992605 0.414341 0.414341 0.414341
3290.854004 0.000000 2462.160889 0.000000 0.870825 0.000000 -0.491594 0.781908 0.781908 0.781908
3325.364258 0.000000 2433.815430 0.000000 0.999584 0.000000 0.028846 0.695725 0.695725 0.695725
3310.410645 0.000000 2431.471924 0.000000 0.528730 0.000000 -0.848790 1.061388 1.061388 1.061388
3288.501709 0.000000 2469.552979 0.000000 0.275435 0.000000 -0.961320 0.940193 0.940193 0.940193
3285.251953 0.000000 2462.211914 0.000000 0.943303 0.000000 0.331932 0.590728 0.590728 0.590728
3284.868164 0.000000 2466.385254 0.000000 0.951622 0.000000 0.307271 0.588654 0.588654 0.588654
3284.474121 0.000000 2468.654785 0.000000 0.930531 0.000000 -0.366214 0.833668 0.833668 0.833668
3315.970215 0.000000 2433.892822 0.000000 0.121829 0.000000 0.992551 0.183541 0.183541 0.183541
3284.302246 0.000000 2464.547852 0.000000 0.943605 0.000000 -0.331073 0.796712 0.796712 0.796712
3287.561768 0.000000 2468.383789 0.000000 0.929848 0.000000 -0.367945 0.777438 0.777438 0.777438
3310.666260 0.000000 2438.936768 0.000000 0.655124 0.000000 -0.755522 0.838895 0.838895 0.838895
3282.703857 0.000000 2462.644043 0.000000 0.705079 0.000000 0.709129 0.523673 0.523673 0.523673
3323.833008 0.000000 2432.792480 0.000000 0.587134 0.000000 -0.809489 0.833196 0.833196 0.833196
3318.324951 0.000000 2433.491943 0.000000 0.401686 0.000000 0.915778 0.287365 0.287365 0.287365
3305.217285 0.000000 2443.608643 0.000000 0.929062 0.000000 0.369923 0.564910 0.564910 0.564910
3282.922607 0.000000 2470.987549 0.000000 0.492034 0.000000 -0.870576 1.076604 1.076604 1.076604
3295.960938 0.000000 2452.077637 0.000000 0.180338 0.000000 -0.983605 0.979730 0.979730 0.979730
3279.231934 0.000000 2437.650879 0.000000 0.145462 0.000000 -0.989364 1.020710 1.020710 1.020710
3285.487061 0.000000 2463.712402 0.000000 0.475950 0.000000 -0.879472 1.047095 1.047095 1.047095
3320.679199 0.000000 2432.945801 0.000000 0.998720 0.000000 0.050570 0.685500 0.685500 0.685500
3308.057617 0.000000 2435.501953 0.000000 0.895701 0.000000 -0.444657 0.864275 0.864275 0.864275
3294.441650 0.000000 2451.540771 0.000000 0.474372 0.000000 -0.880324 1.083796 1.083796 1.083796
3296.847900 0.000000 2451.049316 0.000000 0.185219 0.000000 0.982697 0.363201 0.363201 0.363201
3263.660156 0.000000 2436.176025 0.000000 0.484849 0.000000 -0.874598 1.070609 1.070609 1.070609
3291.013916 0.000000 2456.943359 0.000000 0.692308 0.000000 0.721602 0.412615 0.412615 0.412615
3276.327881 0.000000 2469.290039 0.000000 0.325896 0.000000 -0.945406 1.079303 1.079303 1.079303
3307.178467 0.000000 2432.788574 0.000000 0.620708 0.000000 0.784042 0.390072 0.390072 0.390072
3294.369141 0.000000 2450.028809 0.000000 0.999166 0.000000 0.040836 0.685437 0.685437 0.685437
3300.911865 0.000000 2443.718018 0.000000 0.999071 0.000000 0.043088 0.689575 0.689575 0.689575
3266.696289 0.000000 2479.553223 0.000000 0.472476 0.000000 0.881343 0.538634 0.538634 0.538634
3286.292969 0.000000 2466.325684 0.000000 0.656515 0.000000 0.754313 0.395327 0.395327 0.395327
3286.176758 0.000000 2461.196533 0.000000 0.496753 0.000000 -0.867892 1.074668 1.074668 1.074668
3318.228027 0.000000 2435.533447 0.000000 0.600749 0.000000 -0.799438 0.957727 0.957727 0.957727
3279.387695 0.000000 2436.173096 0.000000 0.789190 0.000000 0.614150 0.551147 0.551147 0.551147
3280.531250 0.000000 2464.420654 0.000000 0.994249 0.000000 -0.107093 0.724752 0.724752 0.724752
3306.235596 0.000000 2434.095703 0.000000 0.424305 0.000000 0.905519 0.356390 0.356390 0.356390
3296.944824 0.000000 2448.145020 0.000000 0.669853 0.000000 -0.742493 0.882501 0.882501 0.882501
3301.543457 0.000000 2448.339844 0.000000 0.660397 0.000000 -0.750917 0.911390 0.911390 0.911390
3317.388428 0.000000 2431.459961 0.000000 0.452802 0.000000 -0.891611 1.004745 1.004745 1.004745
3310.717285 0.000000 2434.150391 0.000000 0.458111 0.000000 -0.888895 0.857671 0.857671 0.857671
3290.994629 0.000000 2458.216797 0.000000 0.980602 0.000000 -0.196012 0.760405 0.760405 0.760405
3282.947754 0.000000 2468.333984 0.000000 0.707528 0.000000 -0.706685 0.979788 0.979788 0.979788
3282.060547 0.000000 2466.340332 0.000000 0.618796 0.000000 0.785551 0.540827 0.540827 0.540827
3300.369385 0.000000 2442.177979 0.000000 0.996912 0.000000 0.078532 0.680986 0.680986 0.680986
3285.792480 0.000000 2469.020020 0.000000 0.008275 0.000000 0.999966 0.142950 0.142950 0.142950
3277.051270 0.000000 2437.250732 0.000000 0.107531 0.000000 0.994202 0.399319 0.399319 0.399319
3281.936768 0.000000 2469.729004 0.000000 0.155485 0.000000 -0.987838 1.077762 1.077762 1.077762
3290.091309 0.000000 2452.722900 0.000000 0.911866 0.000000 0.410488 0.582909 0.582909 0.582909
3302.242432 0.000000 2445.826904 0.000000 0.886936 0.000000 -0.461893 0.799345 0.799345 0.799345
3283.239502 0.000000 2433.985107 0.000000 0.953385 0.000000 0.301758 0.628002 0.628002 0.628002
3277.878174 0.000000 2471.438477 0.000000 0.925364 0.000000 -0.379080 0.808171 0.808171 0.808171
3304.968506 0.000000 2442.347168 0.000000 0.978409 0.000000 0.206679 0.625782 0.625782 0.625782
3287.377441 0.000000 2465.705566 0.000000 0.025737 0.000000 0.999669 0.248541 0.248541 0.248541
3281.826172 0.000000 2464.753662 0.000000 0.988239 0.000000 -0.152918 0.735414 0.735414 0.735414
3300.023682 0.000000 2439.529785 0.000000 0.967517 0.000000 0.252805 0.645331 0.645331 0.645331
3280.956543 0.000000 2434.139404 0.000000 0.988428 0.000000 0.151688 0.656996 0.656996 0.656996
3288.596924 0.000000 2466.271973 0.000000 0.251668 0.000000 0.967814 0.311674 0.311674 0.311674
3269.933838 0.000000 2472.494141 0.000000 0.892449 0.000000 0.451148 0.617550 0.617550 0.617550
3293.797363 0.000000 2468.296631 0.000000 0.671206 0.000000 0.741271 0.536573 0.536573 0.536573
3264.991699 0.000000 2475.446777 0.000000 0.777503 0.000000 0.628879 0.509832 0.509832 0.509832
3308.281494 0.000000 2433.173096 0.000000 0.142029 0.000000 0.989863 0.288651 0.288651 0.288651
3289.227783 0.000000 2456.309814 0.000000 0.663201 0.000000 -0.748441 1.001501 1.001501 1.001501
3302.216309 0.000000 2436.800293 0.000000 0.971546 0.000000 0.236851 0.646510 0.646510 0.646510
3312.193359 0.000000 2436.085938 0.000000 0.467888 0.000000 0.883788 0.433297 0.433297 0.433297
3303.954102 0.000000 2437.839111 0.000000 0.966485 0.000000 -0.256723 0.758077 0.758077 0.758077
3306.828613 0.000000 2435.123291 0.000000 0.095588 0.000000 -0.995421 1.147505 1.147505 1.147505
3276.989502 0.000000 2473.670898 0.000000 0.629929 0.000000 -0.776653 0.882772 0.882772 0.882772
3303.166016 0.000000 2444.817871 0.000000 0.768420 0.000000 -0.639946 0.843687 0.843687 0.843687
3265.068115 0.000000 2477.648438 0.000000 0.864585 0.000000 0.502487 0.596218 0.596218 0.596218
3276.464355 0.000000 2468.143311 0.000000 0.096279 0.000000 -0.995354 1.151417 1.151417 1.151417
3293.770020 0.000000 2454.023682 0.000000 0.645591 0.000000 -0.763683 0.874948 0.874948 0.874948
3289.572754 0.000000 2465.199463 0.000000 0.891417 0.000000 0.453184 0.609257 0.609257 0.609257
3263.611084 0.000000 2466.587402 0.000000 0.959213 0.000000 -0.282684 0.776128 0.776128 0.776128
3312.454834 0.000000 2432.884766 0.000000 0.932828 0.000000 -0.360323 0.828837 0.828837 0.828837
3300.839600 0.000000 2447.058594 0.000000 0.901094 0.000000 0.433625 0.611586 0.611586 0.611586
3317.091309 0.000000 2435.585693 0.000000 0.000570 0.000000 1.000000 0.326802 0.326802 0.326802
3298.741455 0.000000 2446.523193 0.000000 0.764346 0.000000 0.644806 0.475643 0.475643 0.475643
3332.955078 0.000000 2391.748291 0.000000 0.024258 0.000000 -0.999706 1.251351 1.251351 1.251351
3330.356445 0.000000 2396.964111 0.000000 0.363975 0.000000 0.931409 0.520748 0.520748 0.520748
3329.938721 0.000000 2388.000244 0.000000 0.235548 0.000000 0.971863 0.612409 0.612409 0.612409
3330.558350 0.000000 2393.839844 0.000000 0.492967 0.000000 0.870048 0.323778 0.323778 0.323778
3327.668701 0.000000 2398.497314 0.000000 0.650492 0.000000 -0.759513 0.974950 0.974950 0.974950
3333.040039 0.000000 2395.526855 0.000000 0.948232 0.000000 -0.317579 0.815214 0.815214 0.815214
3333.523193 0.000000 2398.158936 0.000000 0.421674 0.000000 0.906748 0.295184 0.295184 0.295184
3329.883789 0.000000 2399.348877 0.000000 0.882608 0.000000 -0.470109 0.874480 0.874480 0.874480
3335.375000 0.000000 2399.540527 0.000000 0.217628 0.000000 0.976032 0.333463 0.333463 0.333463
3328.379639 0.000000 2389.440674 0.000000 0.667088 0.000000 0.744979 0.644771 0.644771 0.644771
3331.664551 0.000000 2398.555176 0.000000 0.984690 0.000000 0.174313 0.637537 0.637537 0.637537
3333.889160 0.000000 2400.986816 0.000000 0.113569 0.000000 -0.993530 0.858883 0.858883 0.858883
3333.477051 0.000000 2393.573975 0.000000 0.807898 0.000000 -0.589322 0.924678 0.924678 0.924678
3329.416016 0.000000 2395.302734 0.000000 0.327913 0.000000 0.944708 0.449296 0.449296 0.449296
3331.297363 0.000000 2392.197510 0.000000 0.894019 0.000000 -0.448029 0.865619 0.865619 0.865619
3331.355469 0.000000 2395.367676 0.000000 0.813216 0.000000 0.581963 0.547162 0.547162 0.547162
3332.314941 0.000000 2397.030762 0.000000 0.862916 0.000000 0.505348 0.511128 0.511128 0.511128
3328.317871 0.000000 2399.976318 0.000000 0.171041 0.000000 -0.985264 1.198721 1.198721 1.198721
3334.182617 0.000000 2396.723633 0.000000 0.708194 0.000000 0.706018 0.420549 0.420549 0.420549
3335.013428 0.000000 2398.089111 0.000000 0.031983 0.000000 0.999488 0.282637 0.282637 0.282637
3332.777588 0.000000 2390.180664 0.000000 0.600188 0.000000 -0.799859 1.030503 1.030503 1.030503
3332.100586 0.000000 2394.076172 0.000000 0.115070 0.000000 0.993357 0.181114 0.181114 0.181114
3333.199707 0.000000 2399.561523 0.000000 0.317003 0.000000 0.948425 0.254998 0.254998 0.254998
3329.034180 0.000000 2398.249023 0.000000 0.994781 0.000000 0.102033 0.663561 0.663561 0.663561
3332.460205 0.000000 2392.900391 0.000000 0.308505 0.000000 -0.951223 1.148192 1.148192 1.148192
3330.810791 0.000000 2400.238037 0.000000 0.701075 0.000000 0.713088 0.480237 0.480237 0.480237
3335.740723 0.000000 2391.926514 0.000000 0.995952 0.000000 -0.089890 0.713717 0.713717 0.713717
3330.297607 0.000000 2398.169922 0.000000 0.569749 0.000000 -0.821819 1.043885 1.043885 1.043885
3334.286133 0.000000 2399.106445 0.000000 0.154954 0.000000 -0.987922 1.083842 1.083842 1.083842
3329.399414 0.000000 2401.965820 0.000000 0.999915 0.000000 0.013060 0.695344 0.695344 0.695344
3329.822998 0.000000 2432.436279 0.000000 0.988042 0.000000 -0.154186 0.726187 0.726187 0.726187
3328.405273 0.000000 2433.171631 0.000000 0.957503 0.000000 0.288423 0.650506 0.650506 0.650506
"}
