object={
	name="tree_cypress_01_generator_1_0"
	clamp_to_water_level=no
	render_under_water=no
	generated_content=yes
	layer="tree_high_layer"
	pdxmesh="tree_cypress_01_a_mesh"
	count=44
	transform="3923.162354 0.000000 1608.632935 0.000000 0.261615 0.000000 0.965172 1.000000 1.000000 1.000000
3933.028076 0.000000 1601.333008 0.000000 0.514460 0.000000 0.857515 1.000000 1.000000 1.000000
3940.950684 0.000000 1605.353516 0.000000 0.397333 0.000000 0.917675 1.000000 1.000000 1.000000
3918.263184 0.000000 1610.774414 0.000000 0.810429 0.000000 0.585836 1.000000 1.000000 1.000000
3927.812988 0.000000 1609.532959 0.000000 0.904672 0.000000 0.426108 1.000000 1.000000 1.000000
3928.808838 0.000000 1617.561768 0.000000 0.898834 0.000000 0.438289 1.000000 1.000000 1.000000
3941.697510 0.000000 1602.123291 0.000000 0.992472 0.000000 0.122471 1.000000 1.000000 1.000000
3338.975586 0.000000 2240.239990 0.000000 0.689493 0.000000 0.724292 1.000000 1.000000 1.000000
3341.511963 0.000000 2257.037842 0.000000 0.968993 0.000000 0.247089 1.000000 1.000000 1.000000
3333.068115 0.000000 2252.739258 0.000000 0.994733 0.000000 0.102496 1.000000 1.000000 1.000000
3341.611816 0.000000 2246.665771 0.000000 0.439044 0.000000 0.898466 1.000000 1.000000 1.000000
3339.864258 0.000000 2256.553955 0.000000 0.257341 0.000000 0.966321 1.000000 1.000000 1.000000
3337.509766 0.000000 2248.020996 0.000000 0.784658 0.000000 0.619929 1.000000 1.000000 1.000000
3340.758789 0.000000 2243.871094 0.000000 0.710798 0.000000 0.703396 1.000000 1.000000 1.000000
3333.157715 0.000000 2256.249268 0.000000 0.472427 0.000000 0.881370 1.000000 1.000000 1.000000
3446.639404 0.000000 2368.174072 0.000000 0.913213 0.000000 0.407482 1.000000 1.000000 1.000000
3431.513916 0.000000 2393.005615 0.000000 0.377842 0.000000 0.925870 1.000000 1.000000 1.000000
3444.470215 0.000000 2374.725098 0.000000 0.969691 0.000000 0.244335 1.000000 1.000000 1.000000
3434.793457 0.000000 2389.201660 0.000000 0.566756 0.000000 0.823886 1.000000 1.000000 1.000000
3438.158936 0.000000 2384.752686 0.000000 0.953780 0.000000 0.300507 1.000000 1.000000 1.000000
3428.873047 0.000000 2396.461670 0.000000 0.811486 0.000000 0.584372 1.000000 1.000000 1.000000
3447.490967 0.000000 2371.976074 0.000000 0.859682 0.000000 0.510830 1.000000 1.000000 1.000000
3449.963623 0.000000 2369.390137 0.000000 0.620370 0.000000 0.784309 1.000000 1.000000 1.000000
3425.594482 0.000000 2396.588867 0.000000 0.547311 0.000000 0.836929 1.000000 1.000000 1.000000
3441.192383 0.000000 2383.719482 0.000000 0.431513 0.000000 0.902107 1.000000 1.000000 1.000000
3427.126221 0.000000 2398.665527 0.000000 0.927813 0.000000 0.373047 1.000000 1.000000 1.000000
3431.154541 0.000000 2395.482666 0.000000 0.996305 0.000000 0.085884 1.000000 1.000000 1.000000
3433.786133 0.000000 2399.809326 0.000000 0.701725 0.000000 0.712448 1.000000 1.000000 1.000000
3449.113281 0.000000 2373.748047 0.000000 0.319675 0.000000 0.947527 1.000000 1.000000 1.000000
3446.455322 0.000000 2374.485840 0.000000 0.013401 0.000000 0.999910 1.000000 1.000000 1.000000
3440.690674 0.000000 2378.059814 0.000000 0.851830 0.000000 0.523818 1.000000 1.000000 1.000000
3444.401855 0.000000 2378.349609 0.000000 0.400173 0.000000 0.916440 1.000000 1.000000 1.000000
3432.774414 0.000000 2391.707031 0.000000 0.592897 0.000000 0.805278 1.000000 1.000000 1.000000
3433.289062 0.000000 2393.348389 0.000000 0.055501 0.000000 0.998459 1.000000 1.000000 1.000000
3435.684326 0.000000 2387.763428 0.000000 0.247930 0.000000 0.968778 1.000000 1.000000 1.000000
3438.037354 0.000000 2380.517090 0.000000 0.450823 0.000000 0.892614 1.000000 1.000000 1.000000
3427.205811 0.000000 2397.015137 0.000000 0.999802 0.000000 0.019879 1.000000 1.000000 1.000000
3439.644775 0.000000 2380.780518 0.000000 0.612939 0.000000 0.790130 1.000000 1.000000 1.000000
3443.072021 0.000000 2374.818115 0.000000 0.673319 0.000000 0.739352 1.000000 1.000000 1.000000
3446.212402 0.000000 2371.549072 0.000000 0.360432 0.000000 0.932786 1.000000 1.000000 1.000000
3441.765137 0.000000 2378.691406 0.000000 0.999975 0.000000 0.007023 1.000000 1.000000 1.000000
3430.854004 0.000000 2405.203857 0.000000 0.826623 0.000000 0.562756 1.000000 1.000000 1.000000
3445.485352 0.000000 2377.632080 0.000000 0.233306 0.000000 0.972403 1.000000 1.000000 1.000000
3430.211426 0.000000 2406.653809 0.000000 0.731487 0.000000 0.681855 1.000000 1.000000 1.000000
"}
object={
	name="tree_cypress_01_generator_1_1"
	clamp_to_water_level=no
	render_under_water=no
	generated_content=yes
	layer="tree_high_layer"
	pdxmesh="tree_cypress_01_b_mesh"
	count=27
	transform="3920.590088 0.000000 1617.026978 0.000000 0.854402 0.000000 -0.519613 1.000000 1.000000 1.000000
3939.019531 0.000000 1600.171875 0.000000 0.999629 0.000000 -0.027248 1.000000 1.000000 1.000000
3939.046387 0.000000 1610.754272 0.000000 0.956522 0.000000 -0.291660 1.000000 1.000000 1.000000
3932.296143 0.000000 1614.920166 0.000000 0.866162 0.000000 -0.499763 1.000000 1.000000 1.000000
3926.251221 0.000000 1613.929077 0.000000 0.911971 0.000000 -0.410255 1.000000 1.000000 1.000000
3927.005127 0.000000 1604.912354 0.000000 0.650415 0.000000 -0.759579 1.000000 1.000000 1.000000
3936.218750 0.000000 1605.654541 0.000000 0.666342 0.000000 -0.745646 1.000000 1.000000 1.000000
3333.649414 0.000000 2260.893555 0.000000 0.998762 0.000000 -0.049740 1.000000 1.000000 1.000000
3339.472900 0.000000 2251.737549 0.000000 0.999655 0.000000 -0.026282 1.000000 1.000000 1.000000
3335.104736 0.000000 2248.925781 0.000000 0.925374 0.000000 -0.379055 1.000000 1.000000 1.000000
3335.087158 0.000000 2258.048340 0.000000 0.935796 0.000000 -0.352542 1.000000 1.000000 1.000000
3335.584961 0.000000 2250.899170 0.000000 0.771178 0.000000 -0.636620 1.000000 1.000000 1.000000
3338.757080 0.000000 2246.851562 0.000000 0.855977 0.000000 -0.517014 1.000000 1.000000 1.000000
3340.324951 0.000000 2250.145996 0.000000 0.859195 0.000000 -0.511649 1.000000 1.000000 1.000000
3334.755859 0.000000 2259.706543 0.000000 0.836948 0.000000 -0.547282 1.000000 1.000000 1.000000
3338.251709 0.000000 2256.097412 0.000000 0.640747 0.000000 -0.767752 1.000000 1.000000 1.000000
3333.150635 0.000000 2259.446289 0.000000 0.591633 0.000000 -0.806207 1.000000 1.000000 1.000000
3424.672363 0.000000 2399.681152 0.000000 0.821136 0.000000 -0.570732 1.000000 1.000000 1.000000
3432.062012 0.000000 2390.103271 0.000000 0.993554 0.000000 -0.113362 1.000000 1.000000 1.000000
3431.118652 0.000000 2400.723389 0.000000 0.980496 0.000000 -0.196540 1.000000 1.000000 1.000000
3442.753906 0.000000 2379.533936 0.000000 0.638216 0.000000 -0.769857 1.000000 1.000000 1.000000
3437.048584 0.000000 2386.229980 0.000000 0.988307 0.000000 -0.152475 1.000000 1.000000 1.000000
3430.645508 0.000000 2402.405518 0.000000 0.880524 0.000000 -0.474001 1.000000 1.000000 1.000000
3433.867920 0.000000 2390.500977 0.000000 0.824433 0.000000 -0.565959 1.000000 1.000000 1.000000
3448.663574 0.000000 2368.961426 0.000000 0.897637 0.000000 -0.440735 1.000000 1.000000 1.000000
3427.728516 0.000000 2399.897705 0.000000 0.727025 0.000000 -0.686611 1.000000 1.000000 1.000000
3426.052734 0.000000 2399.406738 0.000000 0.888035 0.000000 -0.459775 1.000000 1.000000 1.000000
"}
object={
	name="tree_cypress_01_generator_1_2"
	clamp_to_water_level=no
	render_under_water=no
	generated_content=yes
	layer="tree_high_layer"
	pdxmesh="tree_cypress_01_c_mesh"
	count=16
	transform="3931.890625 0.000000 1607.274048 0.000000 0.174191 0.000000 -0.984712 1.000000 1.000000 1.000000
3943.758545 0.000000 1611.644409 0.000000 0.255548 0.000000 -0.966796 1.000000 1.000000 1.000000
3921.898438 0.000000 1612.917480 0.000000 0.019257 0.000000 -0.999815 1.000000 1.000000 1.000000
3938.504150 0.000000 1603.315063 0.000000 0.401866 0.000000 -0.915699 1.000000 1.000000 1.000000
3338.866211 0.000000 2249.426758 0.000000 0.525432 0.000000 -0.850835 1.000000 1.000000 1.000000
3340.260254 0.000000 2246.364014 0.000000 0.516891 0.000000 -0.856051 1.000000 1.000000 1.000000
3341.198730 0.000000 2242.197998 0.000000 0.456493 0.000000 -0.889727 1.000000 1.000000 1.000000
3341.043457 0.000000 2245.297607 0.000000 0.047792 0.000000 -0.998857 1.000000 1.000000 1.000000
3435.295410 0.000000 2386.098877 0.000000 0.334830 0.000000 -0.942279 1.000000 1.000000 1.000000
3437.432373 0.000000 2387.980469 0.000000 0.221295 0.000000 -0.975207 1.000000 1.000000 1.000000
3436.282959 0.000000 2384.608154 0.000000 0.498309 0.000000 -0.866999 1.000000 1.000000 1.000000
3425.487305 0.000000 2398.232666 0.000000 0.552782 0.000000 -0.833326 1.000000 1.000000 1.000000
3434.749023 0.000000 2384.150391 0.000000 0.469705 0.000000 -0.882823 1.000000 1.000000 1.000000
3440.598633 0.000000 2379.548340 0.000000 0.110397 0.000000 -0.993888 1.000000 1.000000 1.000000
3449.063721 0.000000 2370.561279 0.000000 0.462359 0.000000 -0.886693 1.000000 1.000000 1.000000
3429.557861 0.000000 2395.192139 0.000000 0.240970 0.000000 -0.970533 1.000000 1.000000 1.000000
"}
