object={
	name="tree_pine_01_a_generator_1_0"
	clamp_to_water_level=no
	render_under_water=no
	generated_content=yes
	layer="tree_high_layer"
	pdxmesh="tree_pine_single_01_a_mesh"
	count=9
	transform="3309.739502 0.000000 2333.723877 0.000000 0.573964 0.000000 0.818881 1.000000 1.000000 1.000000
3307.841064 0.000000 2318.972656 0.000000 0.303969 0.000000 0.952682 1.000000 1.000000 1.000000
3310.698730 0.000000 2331.260010 0.000000 0.542583 0.000000 0.840002 1.000000 1.000000 1.000000
3310.909912 0.000000 2341.049561 0.000000 0.840259 0.000000 0.542185 1.000000 1.000000 1.000000
3301.970459 0.000000 2319.129883 0.000000 0.464713 0.000000 0.885462 1.000000 1.000000 1.000000
3302.908447 0.000000 2327.421875 0.000000 0.437282 0.000000 0.899325 1.000000 1.000000 1.000000
3309.330322 0.000000 2335.520020 0.000000 0.768058 0.000000 0.640381 1.000000 1.000000 1.000000
3303.493408 0.000000 2319.765137 0.000000 0.645940 0.000000 0.763388 1.000000 1.000000 1.000000
3311.757568 0.000000 2332.438965 0.000000 0.782417 0.000000 0.622755 1.000000 1.000000 1.000000
"}
object={
	name="tree_pine_01_a_generator_1_1"
	clamp_to_water_level=no
	render_under_water=no
	generated_content=yes
	layer="tree_high_layer"
	pdxmesh="tree_pine_single_01_b_mesh"
	count=9
	transform="3305.015625 0.000000 2337.870605 0.000000 0.896324 0.000000 -0.443400 1.000000 1.000000 1.000000
3302.398682 0.000000 2334.512451 0.000000 0.910240 0.000000 0.414082 1.000000 1.000000 1.000000
3305.801758 0.000000 2335.824951 0.000000 0.999686 0.000000 -0.025070 1.000000 1.000000 1.000000
3310.792725 0.000000 2327.211182 0.000000 0.992171 0.000000 -0.124890 1.000000 1.000000 1.000000
3304.398926 0.000000 2321.530273 0.000000 0.885438 0.000000 -0.464758 1.000000 1.000000 1.000000
3304.123047 0.000000 2335.240479 0.000000 0.936733 0.000000 0.350044 1.000000 1.000000 1.000000
3310.869873 0.000000 2334.991943 0.000000 0.942728 0.000000 -0.333562 1.000000 1.000000 1.000000
3308.109375 0.000000 2335.081787 0.000000 0.997627 0.000000 -0.068844 1.000000 1.000000 1.000000
3309.976807 0.000000 2326.604980 0.000000 0.963087 0.000000 0.269190 1.000000 1.000000 1.000000
"}
object={
	name="tree_pine_01_a_generator_1_2"
	clamp_to_water_level=no
	render_under_water=no
	generated_content=yes
	layer="tree_high_layer"
	pdxmesh="tree_pine_single_01_c_mesh"
	count=6
	transform="3310.794922 0.000000 2336.554688 0.000000 0.611437 0.000000 -0.791293 1.000000 1.000000 1.000000
3307.699951 0.000000 2323.779053 0.000000 0.509056 0.000000 -0.860733 1.000000 1.000000 1.000000
3306.232178 0.000000 2323.872559 0.000000 0.336102 0.000000 -0.941826 1.000000 1.000000 1.000000
3298.741455 0.000000 2318.554443 0.000000 0.791675 0.000000 -0.610943 1.000000 1.000000 1.000000
3307.532715 0.000000 2332.625488 0.000000 0.634057 0.000000 -0.773286 1.000000 1.000000 1.000000
3306.954102 0.000000 2331.619141 0.000000 0.704288 0.000000 -0.709914 1.000000 1.000000 1.000000
"}
