object={
	name="tree_pine_impassable_01_a_generator_1_0"
	clamp_to_water_level=no
	render_under_water=no
	generated_content=yes
	layer="tree_high_layer"
	pdxmesh="tree_pine_impassable_01_a_mesh"
	count=234
	transform="3300.806641 0.000000 2285.370850 0.000000 0.512740 0.000000 0.858544 0.400000 0.400000 0.400000
3324.152832 0.000000 2300.173828 0.000000 0.982175 0.000000 0.187968 0.400000 0.400000 0.400000
3313.963623 0.000000 2299.845703 0.000000 0.986564 0.000000 -0.163375 0.400000 0.400000 0.400000
3309.490967 0.000000 2282.753662 0.000000 0.996317 0.000000 0.085742 0.400000 0.400000 0.400000
3316.275146 0.000000 2285.772461 0.000000 0.036580 0.000000 -0.999331 0.400000 0.400000 0.400000
3294.300537 0.000000 2288.120361 0.000000 0.832265 0.000000 0.554378 0.400000 0.400000 0.400000
3308.817383 0.000000 2275.842773 0.000000 0.925023 0.000000 0.379910 0.400000 0.400000 0.400000
3314.777344 0.000000 2294.018555 0.000000 0.623096 0.000000 0.782145 0.400000 0.400000 0.400000
3325.769043 0.000000 2290.539307 0.000000 0.956946 0.000000 0.290267 0.400000 0.400000 0.400000
3308.548340 0.000000 2297.674805 0.000000 0.349383 0.000000 0.936980 0.400000 0.400000 0.400000
3326.960449 0.000000 2295.522949 0.000000 0.428493 0.000000 -0.903545 0.400000 0.400000 0.400000
3311.844482 0.000000 2287.652100 0.000000 0.999710 0.000000 -0.024086 0.400000 0.400000 0.400000
3298.034912 0.000000 2291.447998 0.000000 0.973702 0.000000 0.227826 0.400000 0.400000 0.400000
3316.110840 0.000000 2289.998779 0.000000 0.993432 0.000000 -0.114420 0.400000 0.400000 0.400000
3305.294922 0.000000 2295.013184 0.000000 0.037667 0.000000 -0.999290 0.400000 0.400000 0.400000
3317.590820 0.000000 2301.519287 0.000000 0.988686 0.000000 -0.150003 0.400000 0.400000 0.400000
3307.403564 0.000000 2279.531738 0.000000 0.918971 0.000000 -0.394325 0.400000 0.400000 0.400000
3312.876953 0.000000 2291.009766 0.000000 0.881374 0.000000 -0.472419 0.400000 0.400000 0.400000
3307.311035 0.000000 2258.130127 0.000000 0.221649 0.000000 0.975127 0.400000 0.400000 0.400000
3315.968994 0.000000 2297.268799 0.000000 0.541389 0.000000 0.840773 0.400000 0.400000 0.400000
3299.753662 0.000000 2288.427490 0.000000 0.877012 0.000000 0.480468 0.400000 0.400000 0.400000
3298.353271 0.000000 2283.481934 0.000000 0.033303 0.000000 0.999445 0.400000 0.400000 0.400000
3311.481445 0.000000 2298.078369 0.000000 0.276894 0.000000 0.960900 0.400000 0.400000 0.400000
3322.749023 0.000000 2290.179443 0.000000 0.983552 0.000000 -0.180626 0.400000 0.400000 0.400000
3303.910645 0.000000 2285.566162 0.000000 0.617801 0.000000 -0.786335 0.400000 0.400000 0.400000
3319.591553 0.000000 2299.754150 0.000000 0.990238 0.000000 -0.139386 0.400000 0.400000 0.400000
3313.426758 0.000000 2296.392578 0.000000 0.994256 0.000000 0.107031 0.400000 0.400000 0.400000
3306.979736 0.000000 2284.406738 0.000000 0.996927 0.000000 0.078337 0.400000 0.400000 0.400000
3348.560059 0.000000 2234.515137 0.000000 0.856043 0.000000 0.516904 0.400000 0.400000 0.400000
3333.171631 0.000000 2239.406494 0.000000 0.525499 0.000000 -0.850794 0.400000 0.400000 0.400000
3353.847168 0.000000 2221.854248 0.000000 0.120186 0.000000 0.992751 0.400000 0.400000 0.400000
3350.077148 0.000000 2238.176270 0.000000 0.992660 0.000000 -0.120937 0.400000 0.400000 0.400000
3336.499756 0.000000 2234.115479 0.000000 0.258312 0.000000 -0.966062 0.400000 0.400000 0.400000
3350.676270 0.000000 2222.942383 0.000000 0.804300 0.000000 0.594223 0.400000 0.400000 0.400000
3338.477295 0.000000 2232.540771 0.000000 0.967165 0.000000 -0.254150 0.400000 0.400000 0.400000
3333.155518 0.000000 2298.009033 0.000000 0.604570 0.000000 -0.796552 0.400000 0.400000 0.400000
3367.915527 0.000000 2301.393799 0.000000 0.821238 0.000000 0.570586 0.400000 0.400000 0.400000
3344.034912 0.000000 2284.811279 0.000000 0.161507 0.000000 -0.986872 0.400000 0.400000 0.400000
3386.863525 0.000000 2266.046143 0.000000 0.718729 0.000000 0.695291 0.400000 0.400000 0.400000
3388.145020 0.000000 2300.173828 0.000000 0.690290 0.000000 0.723533 0.400000 0.400000 0.400000
3388.051514 0.000000 2283.262695 0.000000 0.806857 0.000000 -0.590747 0.400000 0.400000 0.400000
3373.731689 0.000000 2269.739502 0.000000 0.005790 0.000000 0.999983 0.400000 0.400000 0.400000
3367.521729 0.000000 2265.036865 0.000000 0.893223 0.000000 0.449614 0.400000 0.400000 0.400000
3347.219238 0.000000 2277.672363 0.000000 0.638435 0.000000 0.769675 0.400000 0.400000 0.400000
3356.098145 0.000000 2302.426514 0.000000 0.370927 0.000000 -0.928662 0.400000 0.400000 0.400000
3327.696045 0.000000 2300.524658 0.000000 0.307277 0.000000 -0.951620 0.400000 0.400000 0.400000
3361.844971 0.000000 2300.606201 0.000000 0.153378 0.000000 0.988168 0.400000 0.400000 0.400000
3362.688721 0.000000 2265.062256 0.000000 0.676660 0.000000 0.736295 0.400000 0.400000 0.400000
3329.938721 0.000000 2260.031494 0.000000 0.829950 0.000000 -0.557837 0.400000 0.400000 0.400000
3342.962402 0.000000 2280.113037 0.000000 0.909506 0.000000 0.415690 0.400000 0.400000 0.400000
3357.163818 0.000000 2263.086426 0.000000 0.100037 0.000000 0.994984 0.400000 0.400000 0.400000
3368.752686 0.000000 2269.607910 0.000000 0.104628 0.000000 -0.994511 0.400000 0.400000 0.400000
3328.894043 0.000000 2295.999023 0.000000 0.264444 0.000000 0.964401 0.400000 0.400000 0.400000
3389.609619 0.000000 2269.354492 0.000000 0.100086 0.000000 0.994979 0.400000 0.400000 0.400000
3386.778320 0.000000 2295.014404 0.000000 0.415165 0.000000 -0.909746 0.400000 0.400000 0.400000
3346.542969 0.000000 2269.295898 0.000000 0.431834 0.000000 0.901953 0.400000 0.400000 0.400000
3372.135010 0.000000 2302.218506 0.000000 0.901192 0.000000 -0.433421 0.400000 0.400000 0.400000
3383.211914 0.000000 2266.611816 0.000000 0.769759 0.000000 0.638335 0.400000 0.400000 0.400000
3390.252930 0.000000 2263.768799 0.000000 0.073441 0.000000 -0.997300 0.400000 0.400000 0.400000
3331.079102 0.000000 2300.754639 0.000000 0.075516 0.000000 0.997145 0.400000 0.400000 0.400000
3335.596191 0.000000 2265.574951 0.000000 0.454834 0.000000 -0.890576 0.400000 0.400000 0.400000
3399.753174 0.000000 2268.777588 0.000000 0.853770 0.000000 -0.520650 0.400000 0.400000 0.400000
3391.816650 0.000000 2264.331787 0.000000 0.996477 0.000000 -0.083863 0.400000 0.400000 0.400000
3392.087158 0.000000 2290.569824 0.000000 0.908551 0.000000 0.417774 0.400000 0.400000 0.400000
3391.688232 0.000000 2300.524658 0.000000 0.430694 0.000000 -0.902498 0.400000 0.400000 0.400000
3396.838867 0.000000 2277.485352 0.000000 0.997338 0.000000 -0.072924 0.400000 0.400000 0.400000
3397.163818 0.000000 2303.390869 0.000000 0.995851 0.000000 -0.091000 0.400000 0.400000 0.400000
3399.752686 0.000000 2273.636475 0.000000 0.597398 0.000000 0.801945 0.400000 0.400000 0.400000
3399.588379 0.000000 2265.574951 0.000000 0.046472 0.000000 0.998920 0.400000 0.400000 0.400000
3391.635986 0.000000 2267.436768 0.000000 0.183980 0.000000 0.982930 0.400000 0.400000 0.400000
3260.879639 0.000000 2339.589355 0.000000 0.473494 0.000000 -0.880797 0.400000 0.400000 0.400000
3300.806641 0.000000 2349.355225 0.000000 0.563302 0.000000 -0.826251 0.400000 0.400000 0.400000
3269.163330 0.000000 2361.993408 0.000000 0.232077 0.000000 0.972697 0.400000 0.400000 0.400000
3280.668213 0.000000 2320.854980 0.000000 0.972196 0.000000 0.234168 0.400000 0.400000 0.400000
3297.390869 0.000000 2324.349365 0.000000 0.957459 0.000000 -0.288568 0.400000 0.400000 0.400000
3300.949707 0.000000 2336.567871 0.000000 0.335883 0.000000 -0.941904 0.400000 0.400000 0.400000
3309.490967 0.000000 2346.738037 0.000000 0.237990 0.000000 0.971268 0.400000 0.400000 0.400000
3272.403076 0.000000 2323.765625 0.000000 0.997775 0.000000 0.066676 0.400000 0.400000 0.400000
3299.124512 0.000000 2314.582275 0.000000 0.462580 0.000000 0.886577 0.400000 0.400000 0.400000
3292.374268 0.000000 2318.748291 0.000000 0.908446 0.000000 0.418001 0.400000 0.400000 0.400000
3275.459473 0.000000 2318.866211 0.000000 0.777015 0.000000 0.629482 0.400000 0.400000 0.400000
3268.513184 0.000000 2356.858398 0.000000 0.921403 0.000000 -0.388609 0.400000 0.400000 0.400000
3277.199951 0.000000 2324.220947 0.000000 0.244188 0.000000 -0.969728 0.400000 0.400000 0.400000
3298.696533 0.000000 2329.046631 0.000000 0.935994 0.000000 0.352016 0.400000 0.400000 0.400000
3293.171631 0.000000 2327.070801 0.000000 0.606957 0.000000 0.794735 0.400000 0.400000 0.400000
3302.088135 0.000000 2324.111084 0.000000 0.568878 0.000000 0.822422 0.400000 0.400000 0.400000
3291.170410 0.000000 2335.687744 0.000000 0.559367 0.000000 -0.828920 0.400000 0.400000 0.400000
3294.678955 0.000000 2314.849854 0.000000 0.232903 0.000000 -0.972500 0.400000 0.400000 0.400000
3296.687988 0.000000 2335.696777 0.000000 0.230276 0.000000 -0.973125 0.400000 0.400000 0.400000
3293.227539 0.000000 2322.851562 0.000000 0.154047 0.000000 0.988064 0.400000 0.400000 0.400000
3299.615479 0.000000 2340.578125 0.000000 0.999882 0.000000 0.015365 0.400000 0.400000 0.400000
3300.888672 0.000000 2332.477295 0.000000 0.106708 0.000000 0.994290 0.400000 0.400000 0.400000
3296.264160 0.000000 2318.841064 0.000000 0.984711 0.000000 0.174195 0.400000 0.400000 0.400000
3307.403564 0.000000 2343.516113 0.000000 0.852736 0.000000 0.522342 0.400000 0.400000 0.400000
3270.854736 0.000000 2364.734131 0.000000 0.946104 0.000000 0.323862 0.400000 0.400000 0.400000
3303.032227 0.000000 2339.994385 0.000000 0.110576 0.000000 0.993868 0.400000 0.400000 0.400000
3293.994385 0.000000 2334.758057 0.000000 0.265873 0.000000 -0.964008 0.400000 0.400000 0.400000
3273.277100 0.000000 2377.667236 0.000000 0.747986 0.000000 -0.663715 0.400000 0.400000 0.400000
3264.315674 0.000000 2401.587646 0.000000 0.831029 0.000000 -0.556229 0.400000 0.400000 0.400000
3292.105957 0.000000 2430.395264 0.000000 0.967143 0.000000 -0.254232 0.400000 0.400000 0.400000
3302.553711 0.000000 2419.810303 0.000000 0.961009 0.000000 0.276517 0.400000 0.400000 0.400000
3268.962891 0.000000 2391.748291 0.000000 0.610808 0.000000 -0.791779 0.400000 0.400000 0.400000
3270.426270 0.000000 2382.325439 0.000000 0.852957 0.000000 0.521981 0.400000 0.400000 0.400000
3266.364258 0.000000 2396.964111 0.000000 0.753690 0.000000 -0.657230 0.400000 0.400000 0.400000
3272.822510 0.000000 2374.321777 0.000000 0.303166 0.000000 -0.952938 0.400000 0.400000 0.400000
3266.566162 0.000000 2393.839844 0.000000 0.703950 0.000000 0.710250 0.400000 0.400000 0.400000
3273.263428 0.000000 2371.402344 0.000000 0.979979 0.000000 0.199102 0.400000 0.400000 0.400000
3311.879883 0.000000 2453.349609 0.000000 0.565605 0.000000 0.824676 0.400000 0.400000 0.400000
3286.575195 0.000000 2462.838135 0.000000 0.767015 0.000000 -0.641629 0.400000 0.400000 0.400000
3297.390869 0.000000 2452.318115 0.000000 0.005291 0.000000 0.999986 0.400000 0.400000 0.400000
3322.012451 0.000000 2444.931641 0.000000 0.646004 0.000000 0.763334 0.400000 0.400000 0.400000
3300.949707 0.000000 2464.536621 0.000000 0.810164 0.000000 -0.586203 0.400000 0.400000 0.400000
3305.143311 0.000000 2447.818359 0.000000 0.340180 0.000000 -0.940360 0.400000 0.400000 0.400000
3294.535400 0.000000 2459.665527 0.000000 0.474811 0.000000 -0.880088 0.400000 0.400000 0.400000
3303.529541 0.000000 2456.989990 0.000000 0.917565 0.000000 -0.397586 0.400000 0.400000 0.400000
3283.227051 0.000000 2469.625488 0.000000 0.939988 0.000000 -0.341206 0.400000 0.400000 0.400000
3294.317627 0.000000 2467.215088 0.000000 0.740525 0.000000 0.672029 0.400000 0.400000 0.400000
3280.194580 0.000000 2435.160889 0.000000 0.275204 0.000000 -0.961386 0.400000 0.400000 0.400000
3306.809082 0.000000 2453.186035 0.000000 0.093324 0.000000 0.995636 0.400000 0.400000 0.400000
3311.454834 0.000000 2440.280518 0.000000 0.795031 0.000000 -0.606569 0.400000 0.400000 0.400000
3310.174561 0.000000 2448.737061 0.000000 0.453625 0.000000 0.891193 0.400000 0.400000 0.400000
3317.714355 0.000000 2447.187256 0.000000 0.850719 0.000000 0.525621 0.400000 0.400000 0.400000
3304.760498 0.000000 2461.561035 0.000000 0.999037 0.000000 0.043866 0.400000 0.400000 0.400000
3325.615967 0.000000 2441.674072 0.000000 0.194370 0.000000 -0.980928 0.400000 0.400000 0.400000
3318.297852 0.000000 2442.670166 0.000000 0.004854 0.000000 0.999988 0.400000 0.400000 0.400000
3296.687988 0.000000 2463.665527 0.000000 0.959908 0.000000 -0.280316 0.400000 0.400000 0.400000
3314.655762 0.000000 2450.135742 0.000000 0.279562 0.000000 0.960128 0.400000 0.400000 0.400000
3289.060059 0.000000 2433.068848 0.000000 0.815477 0.000000 0.578789 0.400000 0.400000 0.400000
3326.787598 0.000000 2438.309082 0.000000 0.967520 0.000000 -0.252794 0.400000 0.400000 0.400000
3320.108887 0.000000 2439.599609 0.000000 0.755447 0.000000 0.655209 0.400000 0.400000 0.400000
3283.965332 0.000000 2435.036865 0.000000 0.975225 0.000000 0.221217 0.400000 0.400000 0.400000
3312.658447 0.000000 2437.158203 0.000000 0.285159 0.000000 0.958480 0.400000 0.400000 0.400000
3297.610107 0.000000 2460.573242 0.000000 0.981963 0.000000 -0.189074 0.400000 0.400000 0.400000
3386.004639 0.000000 2316.962891 0.000000 0.836015 0.000000 0.548707 0.400000 0.400000 0.400000
3369.135498 0.000000 2319.849609 0.000000 0.952963 0.000000 0.303088 0.400000 0.400000 0.400000
3367.521729 0.000000 2329.021240 0.000000 0.312281 0.000000 0.949990 0.400000 0.400000 0.400000
3369.028809 0.000000 2305.508789 0.000000 0.762194 0.000000 0.647349 0.400000 0.400000 0.400000
3389.761230 0.000000 2354.523682 0.000000 0.592791 0.000000 -0.805356 0.400000 0.400000 0.400000
3375.447021 0.000000 2312.311768 0.000000 0.704231 0.000000 -0.709971 0.400000 0.400000 0.400000
3389.608154 0.000000 2313.705322 0.000000 0.978390 0.000000 -0.206769 0.400000 0.400000 0.400000
3391.183105 0.000000 2350.287842 0.000000 0.998093 0.000000 0.061723 0.400000 0.400000 0.400000
3389.375244 0.000000 2319.903564 0.000000 0.413065 0.000000 -0.910702 0.400000 0.400000 0.400000
3378.813477 0.000000 2306.886719 0.000000 0.998638 0.000000 0.052182 0.400000 0.400000 0.400000
3376.650635 0.000000 2309.189453 0.000000 0.426102 0.000000 0.904675 0.400000 0.400000 0.400000
3376.134277 0.000000 2328.593994 0.000000 0.365026 0.000000 -0.930997 0.400000 0.400000 0.400000
3386.741211 0.000000 2354.163818 0.000000 0.780633 0.000000 0.624990 0.400000 0.400000 0.400000
3387.034668 0.000000 2342.058105 0.000000 0.032605 0.000000 -0.999468 0.400000 0.400000 0.400000
3393.088379 0.000000 2319.293945 0.000000 0.302832 0.000000 -0.953044 0.400000 0.400000 0.400000
3448.226318 0.000000 2355.791748 0.000000 0.568215 0.000000 -0.822880 0.400000 0.400000 0.400000
3443.282959 0.000000 2340.271973 0.000000 0.264258 0.000000 0.964452 0.400000 0.400000 0.400000
3452.043701 0.000000 2347.247070 0.000000 0.876016 0.000000 0.482283 0.400000 0.400000 0.400000
3441.947998 0.000000 2363.830078 0.000000 0.971871 0.000000 -0.235513 0.400000 0.400000 0.400000
3452.856201 0.000000 2339.589355 0.000000 0.967311 0.000000 0.253594 0.400000 0.400000 0.400000
3444.259521 0.000000 2349.756836 0.000000 0.664312 0.000000 -0.747455 0.400000 0.400000 0.400000
3445.105469 0.000000 2333.660400 0.000000 0.194877 0.000000 -0.980828 0.400000 0.400000 0.400000
3398.374512 0.000000 2308.125000 0.000000 0.934687 0.000000 -0.355472 0.400000 0.400000 0.400000
3442.761719 0.000000 2358.002930 0.000000 0.774037 0.000000 0.633140 0.400000 0.400000 0.400000
3408.178955 0.000000 2307.192139 0.000000 0.160576 0.000000 0.987023 0.400000 0.400000 0.400000
3396.838867 0.000000 2341.469727 0.000000 0.563575 0.000000 0.826065 0.400000 0.400000 0.400000
3398.410645 0.000000 2318.341064 0.000000 0.998960 0.000000 0.045602 0.400000 0.400000 0.400000
3395.843506 0.000000 2350.798584 0.000000 0.992056 0.000000 0.125799 0.400000 0.400000 0.400000
3403.689453 0.000000 2309.043701 0.000000 0.493241 0.000000 -0.869893 0.400000 0.400000 0.400000
3443.456787 0.000000 2345.144043 0.000000 0.996444 0.000000 -0.084262 0.400000 0.400000 0.400000
3453.601807 0.000000 2333.338867 0.000000 0.484613 0.000000 -0.874729 0.400000 0.400000 0.400000
3447.874268 0.000000 2347.195557 0.000000 0.224525 0.000000 -0.974468 0.400000 0.400000 0.400000
3436.127197 0.000000 2366.202881 0.000000 0.647654 0.000000 -0.761935 0.400000 0.400000 0.400000
3409.115967 0.000000 2303.443359 0.000000 0.883033 0.000000 0.469311 0.400000 0.400000 0.400000
3449.943848 0.000000 2326.378174 0.000000 0.999246 0.000000 0.038834 0.400000 0.400000 0.400000
3454.245117 0.000000 2327.753174 0.000000 0.800231 0.000000 -0.599692 0.400000 0.400000 0.400000
3439.217773 0.000000 2358.973877 0.000000 0.998106 0.000000 0.061513 0.400000 0.400000 0.400000
3399.669922 0.000000 2304.775391 0.000000 0.273358 0.000000 -0.961913 0.400000 0.400000 0.400000
3397.473877 0.000000 2311.332764 0.000000 0.998553 0.000000 0.053776 0.400000 0.400000 0.400000
3413.804443 0.000000 2339.705566 0.000000 0.149694 0.000000 0.988732 0.400000 0.400000 0.400000
3392.117920 0.000000 2303.587402 0.000000 0.301173 0.000000 -0.953570 0.400000 0.400000 0.400000
3445.956055 0.000000 2358.212646 0.000000 0.907183 0.000000 0.420737 0.400000 0.400000 0.400000
3443.953369 0.000000 2361.253174 0.000000 0.729194 0.000000 0.684307 0.400000 0.400000 0.400000
3453.173340 0.000000 2336.519775 0.000000 0.952617 0.000000 0.304173 0.400000 0.400000 0.400000
3394.394287 0.000000 2343.379639 0.000000 0.989375 0.000000 0.145387 0.400000 0.400000 0.400000
3450.733398 0.000000 2354.163818 0.000000 0.835592 0.000000 0.549351 0.400000 0.400000 0.400000
3396.270508 0.000000 2347.958496 0.000000 0.946022 0.000000 -0.324102 0.400000 0.400000 0.400000
3348.560059 0.000000 2426.468262 0.000000 0.827938 0.000000 0.560820 0.400000 0.400000 0.400000
3358.908691 0.000000 2423.355713 0.000000 0.283655 0.000000 -0.958926 0.400000 0.400000 0.400000
3373.237305 0.000000 2419.877197 0.000000 0.876701 0.000000 -0.481035 0.400000 0.400000 0.400000
3388.051514 0.000000 2411.231445 0.000000 0.743942 0.000000 0.668244 0.400000 0.400000 0.400000
3380.267334 0.000000 2413.741211 0.000000 0.531665 0.000000 -0.846955 0.400000 0.400000 0.400000
3366.545898 0.000000 2419.810303 0.000000 0.492168 0.000000 0.870501 0.400000 0.400000 0.400000
3353.298340 0.000000 2423.213623 0.000000 0.749544 0.000000 -0.661954 0.400000 0.400000 0.400000
3385.263428 0.000000 2415.116699 0.000000 0.391374 0.000000 0.920232 0.400000 0.400000 0.400000
3362.027100 0.000000 2419.416748 0.000000 0.438162 0.000000 -0.898896 0.400000 0.400000 0.400000
3383.882080 0.000000 2411.179932 0.000000 0.439391 0.000000 -0.898296 0.400000 0.400000 0.400000
3350.077148 0.000000 2430.129395 0.000000 0.677988 0.000000 0.735073 0.400000 0.400000 0.400000
3356.304199 0.000000 2426.118652 0.000000 0.269934 0.000000 -0.962879 0.400000 0.400000 0.400000
3369.951172 0.000000 2418.946533 0.000000 0.726102 0.000000 -0.687587 0.400000 0.400000 0.400000
3359.113037 0.000000 2420.386475 0.000000 0.898912 0.000000 0.438128 0.400000 0.400000 0.400000
3391.213623 0.000000 2411.131592 0.000000 0.216324 0.000000 0.976322 0.400000 0.400000 0.400000
3419.953125 0.000000 2375.086670 0.000000 0.910261 0.000000 -0.414035 0.400000 0.400000 0.400000
3399.753174 0.000000 2396.746338 0.000000 0.277666 0.000000 0.960678 0.400000 0.400000 0.400000
3434.571289 0.000000 2375.368408 0.000000 0.980424 0.000000 -0.196897 0.400000 0.400000 0.400000
3425.375244 0.000000 2388.333740 0.000000 0.986458 0.000000 0.164013 0.400000 0.400000 0.400000
3392.300049 0.000000 2401.587646 0.000000 0.386378 0.000000 -0.922341 0.400000 0.400000 0.400000
3407.791992 0.000000 2394.009521 0.000000 0.527023 0.000000 0.849851 0.400000 0.400000 0.400000
3439.136230 0.000000 2368.850098 0.000000 0.936396 0.000000 0.350947 0.400000 0.400000 0.400000
3414.313721 0.000000 2381.741699 0.000000 0.424771 0.000000 0.905301 0.400000 0.400000 0.400000
3433.020996 0.000000 2369.493164 0.000000 0.705133 0.000000 -0.709075 0.400000 0.400000 0.400000
3429.013184 0.000000 2373.166016 0.000000 0.272350 0.000000 -0.962198 0.400000 0.400000 0.400000
3413.088623 0.000000 2393.686035 0.000000 0.957761 0.000000 -0.287565 0.400000 0.400000 0.400000
3399.752686 0.000000 2401.605225 0.000000 0.956193 0.000000 -0.292737 0.400000 0.400000 0.400000
3417.775391 0.000000 2395.261230 0.000000 0.515547 0.000000 0.856862 0.400000 0.400000 0.400000
3421.156006 0.000000 2391.055176 0.000000 0.020581 0.000000 -0.999788 0.400000 0.400000 0.400000
3424.281250 0.000000 2373.467041 0.000000 0.791195 0.000000 0.611563 0.400000 0.400000 0.400000
3404.192139 0.000000 2397.055664 0.000000 0.965559 0.000000 -0.260185 0.400000 0.400000 0.400000
3410.535156 0.000000 2397.264648 0.000000 0.951820 0.000000 0.306656 0.400000 0.400000 0.400000
3437.109863 0.000000 2372.347900 0.000000 0.630392 0.000000 -0.776277 0.400000 0.400000 0.400000
3424.248535 0.000000 2382.825439 0.000000 0.279380 0.000000 -0.960181 0.400000 0.400000 0.400000
3396.002930 0.000000 2400.438965 0.000000 0.778023 0.000000 -0.628235 0.400000 0.400000 0.400000
3426.784180 0.000000 2375.308105 0.000000 0.716877 0.000000 0.697200 0.400000 0.400000 0.400000
3394.048340 0.000000 2404.118896 0.000000 0.228649 0.000000 0.973509 0.400000 0.400000 0.400000
3414.900635 0.000000 2395.956787 0.000000 0.752513 0.000000 -0.658578 0.400000 0.400000 0.400000
3457.080566 0.000000 2319.293945 0.000000 0.070466 0.000000 0.997514 0.400000 0.400000 0.400000
3472.644775 0.000000 2320.854980 0.000000 0.136320 0.000000 -0.990665 0.400000 0.400000 0.400000
3455.808838 0.000000 2328.316162 0.000000 0.999994 0.000000 0.003449 0.400000 0.400000 0.400000
3480.593506 0.000000 2325.769775 0.000000 0.806454 0.000000 -0.591297 0.400000 0.400000 0.400000
3464.379639 0.000000 2323.765625 0.000000 0.694687 0.000000 -0.719312 0.400000 0.400000 0.400000
3458.340820 0.000000 2332.979736 0.000000 0.976489 0.000000 0.215568 0.400000 0.400000 0.400000
3457.923096 0.000000 2324.015869 0.000000 0.077119 0.000000 0.997022 0.400000 0.400000 0.400000
3455.612305 0.000000 2342.238770 0.000000 0.869035 0.000000 -0.494751 0.400000 0.400000 0.400000
3485.204102 0.000000 2322.851562 0.000000 0.997944 0.000000 0.064094 0.400000 0.400000 0.400000
3463.580566 0.000000 2329.559326 0.000000 0.924832 0.000000 -0.380377 0.400000 0.400000 0.400000
3464.719238 0.000000 2316.529541 0.000000 0.159888 0.000000 -0.987135 0.400000 0.400000 0.400000
3349.168457 0.000000 2431.760254 0.000000 0.891136 0.000000 -0.453736 0.400000 0.400000 0.400000
3334.382324 0.000000 2436.093750 0.000000 0.540059 0.000000 0.841627 0.400000 0.400000 0.400000
3344.186768 0.000000 2435.160889 0.000000 0.978254 0.000000 -0.207411 0.400000 0.400000 0.400000
3330.874756 0.000000 2437.277588 0.000000 0.747084 0.000000 0.664729 0.400000 0.400000 0.400000
3327.618652 0.000000 2438.090088 0.000000 0.650946 0.000000 0.759124 0.400000 0.400000 0.400000
"}
